0,52433 
52433,40884 
52433,40812 
52433,40847 
52433,40790 
52433,40815 
52433,40844 
52433,40865 
52433,40850 
52433,40848 
52433,40843 
52433,40787 
52433,40761 
52433,40881 
52433,40882 
52433,40816 
52433,40889 
52433,40917 
52433,40797 
52433,40892 
52433,40883 
52433,40895 
52433,40814 
52433,40778 
52433,40768 
52433,40706 
52433,40771 
52433,40817 
52433,40873 
52433,40921 
52433,40862 
52433,40925 
52433,40881 
52433,40834 
52433,40952 
52433,40783 
52433,40894 
52433,40864 
52433,40848 
52433,40804 
52433,40893 
52433,40835 
52433,40865 
52433,40948 
52433,40897 
52433,40881 
52433,40916 
52433,40786 
52433,41012 
52433,40905 
52433,40890 
52433,40920 
52433,40870 
52433,40867 
52433,40897 
52433,40915 
52433,40826 
52433,40929 
52433,40849 
52433,40947 
52433,40949 
52433,40908 
52433,40951 
52433,40845 
52433,40921 
52433,40918 
52433,40945 
52433,40945 
52433,40933 
52433,40906 
52433,40915 
52433,40957 
52433,40837 
52433,40911 
52433,40889 
52433,40880 
52433,40900 
52433,40920 
52433,40986 
52433,40957 
52433,40876 
52433,40880 
52433,40918 
52433,40880 
52433,40986 
52433,40971 
52433,40951 
52433,40857 
52433,40909 
52433,40836 
52433,40838 
52433,40924 
52433,40889 
52433,40919 
52433,40907 
52433,40937 
52433,40831 
52433,40849 
52433,40935 
52433,40891 
52433,40942 
52433,40919 
52433,40900 
52433,40943 
52433,40905 
52433,40927 
52433,40892 
52433,40798 
52433,40891 
52433,40902 
52433,40946 
52433,40770 
52433,40928 
52433,40861 
52433,40880 
52433,40951 
52433,41009 
52433,40912 
52433,40879 
52433,40882 
52433,40720 
52433,40906 
52433,40848 
52433,40778 
52433,40901 
52433,40883 
52433,40844 
52433,40893 
52433,40955 
52433,40896 
52433,40886 
52433,40870 
52433,40934 
52433,40851 
52433,40910 
52433,40854 
52433,40847 
52433,40717 
52433,40894 
52433,40823 
52433,40825 
52433,40921 
52433,40877 
52433,40904 
52433,40885 
52433,40884 
52433,40963 
52433,40936 
52433,40903 
52433,40795 
52433,40946 
52433,40867 
52433,40872 
52433,40961 
52433,41081 
52433,40881 
52433,40945 
52433,40937 
52433,40880 
52433,40900 
52433,40933 
52433,40795 
52433,40905 
52433,40916 
52433,40946 
52433,40918 
52433,40857 
52433,40884 
52433,40875 
52433,40927 
52433,40913 
52433,40918 
52433,40944 
52433,40925 
52433,40909 
52433,40929 
52433,40903 
52433,40919 
52433,40994 
52433,40955 
52433,40934 
52433,40929 
52433,40883 
52433,40840 
52433,40982 
52433,40880 
52433,40915 
52433,40950 
52433,40944 
52433,40881 
52433,41030 
52433,40843 
52433,40925 
52433,40847 
52433,40871 
52433,40888 
52433,41013 
52433,40917 
52433,40867 
52433,41070 
52433,40905 
52433,40901 
52433,40885 
52433,40900 
52433,40865 
52433,40923 
52433,40910 
52433,40929 
52433,40848 
52433,40933 
52433,40882 
52433,40955 
52433,40874 
52433,40975 
52433,40880 
52433,40947 
52433,40966 
52433,40940 
52433,40929 
52433,40895 
52433,40904 
52433,40866 
52433,40803 
52433,40912 
52433,40949 
52433,40867 
52433,40906 
52433,40913 
52433,40856 
52433,40969 
52433,40871 
52433,40864 
52433,40981 
52433,40914 
52433,40889 
52433,40985 
52433,40779 
52433,40888 
52433,40894 
52433,40890 
52433,40982 
52433,40884 
52433,40907 
52433,40945 
52433,40809 
52433,40767 
52433,40943 
52433,40919 
52433,40971 
52433,40883 
52433,41026 
52433,40906 
52433,40847 
52433,40913 
52433,40834 
52433,40931 
52433,40861 
52433,40998 
52433,40851 
52433,40873 
52433,40936 
52433,40916 
52433,41014 
52433,40817 
52433,40794 
52433,40984 
52433,40875 
52433,40975 
52433,40931 
52433,40915 
52433,40912 
52433,40975 
52433,40968 
52433,40933 
52433,40858 
52433,40981 
52433,40969 
52433,40863 
52433,40959 
52433,40900 
52433,40981 
52433,40988 
52433,40853 
52433,41007 
52433,40915 
52433,40995 
52433,40898 
52433,40904 
52433,40980 
52433,40883 
52433,40956 
52433,40892 
52433,40983 
52433,41018 
52433,40934 
52433,40965 
52433,40962 
52433,40957 
52433,40892 
52433,40969 
52433,40961 
52433,40966 
52433,40937 
52433,40892 
52433,40944 
52433,40964 
52433,40955 
52433,40925 
52433,40994 
52433,40872 
52433,40958 
52433,41053 
52433,41012 
52433,40924 
52433,40950 
52433,40975 
52433,40995 
52433,40974 
52433,40859 
52433,40890 
52433,40895 
52433,41003 
52433,40974 
52433,40958 
52433,40950 
52433,40889 
52433,40980 
52433,40928 
52433,40970 
52433,40985 
52433,40924 
52433,41003 
52433,40923 
52433,40939 
52433,40962 
52433,40989 
52433,40993 
52433,40984 
52433,40916 
52433,40975 
52433,40986 
52433,40930 
52433,40915 
52433,40946 
52433,40922 
52433,40910 
52433,40919 
52433,41002 
52433,40939 
52433,40914 
52433,40917 
52433,40878 
52433,40886 
52433,40912 
52433,40958 
52433,40984 
52433,40903 
52433,40893 
52433,40999 
52433,40934 
52433,41031 
52433,40881 
52433,40952 
52433,40947 
52433,40965 
52433,40993 
52433,40975 
52433,41058 
52433,40996 
52433,40879 
52433,41146 
52433,40953 
52433,40860 
52433,40985 
52433,40954 
52433,40923 
52433,40941 
52433,40939 
52433,40915 
52433,40902 
52433,40847 
52433,40928 
52433,40859 
52433,40962 
52433,40910 
52433,40948 
52433,40936 
52433,40910 
52433,40936 
52433,40891 
52433,40950 
52433,40887 
52433,40919 
52433,41012 
52433,40955 
52433,40968 
52433,40908 
52433,40855 
52433,40953 
52433,41061 
52433,41022 
52433,40960 
52433,40967 
52433,40854 
52433,40974 
52433,41016 
52433,40906 
52433,40914 
52433,41004 
52433,40956 
52433,40881 
52433,40932 
52433,41001 
52433,40835 
52433,40934 
52433,40918 
52433,40921 
52433,40835 
52433,40936 
52433,40897 
52433,40936 
52433,40925 
52433,40980 
52433,40796 
52433,40890 
52433,40800 
52433,40965 
52433,40820 
52433,40897 
52433,40981 
52433,40933 
52433,40966 
52433,40921 
52433,40837 
52433,40931 
52433,40965 
52433,40942 
52433,40913 
52433,41001 
52433,40938 
52433,40877 
52433,40915 
52433,40922 
52433,40967 
52433,40846 
52433,40988 
52433,40952 
52433,40839 
52433,40855 
52433,40891 
52433,40996 
52433,40969 
52433,41023 
52433,40832 
52433,40998 
52433,40924 
52433,40967 
52433,40980 
52433,40838 
52433,40813 
52433,40983 
52433,40992 
52433,40976 
52433,40885 
52433,40942 
52433,40978 
52433,40842 
52433,40905 
52433,40979 
52433,40862 
52433,40832 
52433,40999 
52433,40987 
52433,40977 
52433,40852 
52433,40933 
52433,40888 
52433,40969 
52433,40953 
52433,40853 
52433,41046 
52433,40953 
52433,40945 
52433,40946 
52433,40941 
52433,40796 
52433,40875 
52433,40948 
52433,40844 
52433,40935 
52433,40954 
52433,41008 
52433,40865 
52433,41134 
52433,41007 
52433,40918 
52433,40995 
52433,40888 
52433,40996 
52433,40879 
52433,41000 
52433,40905 
52433,41012 
52433,40931 
52433,40942 
52433,40905 
52433,41022 
52433,40985 
52433,41018 
52433,40857 
52433,40940 
52433,40938 
52433,40923 
52433,41043 
52433,41019 
52433,40983 
52433,40944 
52433,40960 
52433,40861 
52433,40967 
52433,41035 
52433,40991 
52433,41041 
52433,40915 
52433,40947 
52433,41003 
52433,40954 
52433,40898 
52433,41001 
52433,40954 
52433,40975 
52433,40834 
52433,40979 
52433,40971 
52433,40913 
52433,40974 
52433,40953 
52433,41067 
52433,40946 
52433,41027 
52433,40918 
52433,40914 
52433,40906 
52433,40921 
52433,40924 
52433,41007 
52433,40844 
52433,40890 
52433,40929 
52433,41038 
52433,40943 
52433,40991 
52433,40993 
52433,40933 
52433,40972 
52433,41032 
52433,41090 
52433,40938 
52433,40982 
52433,40985 
52433,41022 
52433,40976 
52433,40965 
52433,41061 
52433,40990 
52433,41035 
52433,41000 
52433,40977 
52433,40983 
52433,40991 
52433,40959 
52433,40909 
52433,40973 
52433,40953 
52433,40953 
52433,40955 
52433,40944 
52433,40967 
52433,40949 
52433,40877 
52433,41004 
52433,40976 
52433,40953 
52433,40982 
52433,40941 
52433,40976 
52433,40982 
52433,40893 
52433,40889 
52433,40954 
52433,40952 
52433,40909 
52433,40999 
52433,40905 
52433,41027 
52433,40888 
52433,40951 
52433,40962 
52433,40916 
52433,40984 
52433,40943 
52433,40888 
52433,40993 
52433,40858 
52433,40845 
52433,40937 
52433,40993 
52433,40896 
52433,40998 
52433,40975 
52433,40978 
52433,40976 
52433,40914 
52433,40939 
52433,41014 
52433,40868 
52433,40948 
52433,40914 
52433,40845 
52433,40944 
52433,40915 
52433,40912 
52433,41026 
52433,41003 
52433,40932 
52433,41019 
52433,40975 
52433,40883 
52433,40918 
52433,40983 
52433,41007 
52433,40860 
52433,40965 
52433,40939 
52433,40904 
52433,40938 
52433,40971 
52433,40948 
52433,40954 
52433,41036 
52433,41048 
52433,40986 
52433,40929 
52433,40989 
52433,40911 
52433,40931 
52433,40923 
52433,40920 
52433,40932 
52433,40904 
52433,40935 
52433,40922 
52433,40839 
52433,40983 
52433,41046 
52433,40970 
52433,40825 
52433,40965 
52433,40982 
52433,40869 
52433,40998 
52433,40974 
52433,40948 
52433,40883 
52433,41011 
52433,40833 
52433,40862 
52433,40777 
52433,40795 
52433,40884 
52433,40899 
52433,40874 
52433,40872 
52433,41038 
52433,40878 
52433,40940 
52433,40862 
52433,40881 
52433,40772 
52433,40922 
52433,40910 
52433,40959 
52433,40994 
52433,40742 
52433,40909 
52433,40860 
52433,40958 
52433,40939 
52433,40893 
52433,40910 
52433,40833 
52433,40917 
52433,40881 
52433,41032 
52433,40993 
52433,40788 
52433,41019 
52433,40960 
52433,41066 
52433,41065 
52433,40974 
52433,40969 
52433,40976 
52433,41007 
52433,40981 
52433,41049 
52433,40980 
52433,40958 
52433,40983 
52433,40921 
52433,40931 
52433,40943 
52433,40932 
52433,40968 
52433,40967 
52433,40921 
52433,40979 
52433,40913 
52433,40974 
52433,40989 
52433,40916 
52433,40989 
52433,40987 
52433,40978 
52433,40878 
52433,40971 
52433,40943 
52433,40955 
52433,40955 
52433,40952 
52433,40983 
52433,41000 
52433,40900 
52433,41042 
52433,40965 
52433,41042 
52433,41021 
52433,41052 
52433,40935 
52433,40873 
52433,40944 
52433,40905 
52433,40981 
52433,41015 
52433,40945 
52433,41001 
52433,41020 
52433,41052 
52433,41041 
52433,41065 
52433,41023 
52433,40945 
52433,41029 
52433,41000 
52433,40975 
52433,40991 
52433,40889 
52433,41023 
52433,40993 
52433,41017 
52433,40927 
52433,41022 
52433,41004 
52433,41030 
52433,41036 
52433,41009 
52433,40943 
52433,40930 
52433,40906 
52433,40960 
52433,40933 
52433,40977 
52433,40861 
52433,40965 
52433,40985 
52433,40943 
52433,40914 
52433,40970 
52433,40969 
52433,40934 
52433,41051 
52433,40943 
52433,40997 
52433,40946 
52433,40901 
52433,40955 
52433,40947 
52433,41048 
52433,41011 
52433,40855 
52433,40979 
52433,40951 
52433,40910 
52433,40921 
52433,40876 
52433,41000 
52433,40889 
52433,40966 
52433,40925 
52433,40995 
52433,41023 
52433,41002 
52433,41043 
52433,41023 
52433,40973 
52433,40953 
52433,40967 
52433,40977 
52433,40958 
52433,40950 
52433,41014 
52433,40926 
52433,40969 
52433,40942 
52433,40999 
52433,40950 
52433,40918 
52433,40996 
52433,40925 
52433,41026 
52433,41081 
52433,41026 
52433,40995 
52433,40799 
52433,40969 
52433,40943 
52433,40965 
52433,40997 
52433,40958 
52433,40958 
52433,40964 
52433,41051 
52433,40946 
52433,40959 
52433,40972 
52433,40905 
52433,40940 
52433,40985 
52433,41026 
52433,40943 
52433,40959 
52433,41006 
52433,40935 
52433,41023 
52433,40913 
52433,40970 
52433,40867 
52433,40925 
52433,40955 
52433,40972 
52433,40874 
52433,40983 
52433,40965 
52433,40936 
52433,41135 
52433,40878 
52433,41010 
52433,40993 
52433,40823 
52433,40951 
52433,41024 
52433,41010 
52433,41009 
52433,41038 
52433,40984 
52433,40944 
52433,41012 
52433,40951 
52433,40934 
52433,41057 
52433,40871 
52433,41004 
52433,40963 
52433,41011 
52433,40935 
52433,40966 
52433,40974 
52433,41040 
52433,40939 
52433,41010 
52433,41038 
52433,41059 
52433,40957 
52433,40991 
52433,41017 
52433,41038 
52433,40976 
52433,40925 
52433,40956 
52433,40985 
52433,40969 
52433,40941 
52433,40880 
52433,40945 
52433,40974 
52433,40947 
52433,40973 
52433,41042 
52433,41027 
52433,40962 
52433,41038 
52433,40954 
52433,41039 
52433,41039 
52433,40979 
52433,40953 
52433,41101 
52433,41030 
52433,41007 
52433,40979 
52433,41040 
52433,40967 
52433,40955 
52433,41012 
52433,41005 
52433,40986 
52433,40958 
52433,40945 
52433,40994 
52433,40975 
52433,40992 
52433,40944 
52433,41011 
52433,40989 
52433,40969 
52433,41001 
52433,41019 
52433,40896 
52433,40971 
52433,40911 
52433,40957 
52433,40945 
52433,40970 
52433,40984 
52433,40999 
52433,40916 
52433,40978 
52433,40999 
52433,41000 
52433,40965 
52433,41005 
52433,40973 
52433,40946 
52433,41033 
52433,41058 
52433,40985 
52433,41011 
52433,40970 
52433,40988 
52433,44527 
52433,46562 
52433,43078 
52433,41018 
52433,41018 
52433,41023 
52433,41087 
52433,40972 
52433,40986 
52433,41019 
52433,40983 
52433,40990 
52433,40982 
52433,40955 
52433,40953 
52433,41021 
52433,41064 
52433,40952 
52433,40979 
52433,41029 
52433,41021 
52433,40974 
52433,40929 
52433,41020 
52433,41038 
52433,41017 
52433,41102 
52433,41023 
52433,40928 
52433,40988 
52433,40971 
52433,40976 
52433,40968 
52433,40873 
52433,40929 
52433,41044 
52433,41054 
52433,41051 
52433,41019 
52433,41025 
52433,41011 
52433,40897 
52433,40998 
52433,40941 
52433,40994 
52433,40994 
52433,40931 
52433,41005 
52433,41004 
52433,41037 
52433,41029 
52433,40991 
52433,40964 
52433,40971 
52433,40949 
52433,40885 
52433,40914 
52433,40943 
52433,40933 
52433,40972 
52433,40973 
52433,40987 
52433,40939 
52433,41088 
52433,41016 
52433,40985 
52433,41043 
52433,40989 
52433,41037 
52433,41000 
52433,40988 
52433,41004 
52433,40986 
52433,41029 
52433,40945 
52433,40926 
52433,40984 
52433,40866 
52433,41014 
52433,40990 
52433,41003 
52433,40883 
52433,41051 
52433,40885 
52433,40941 
52433,40939 
52433,40990 
52433,41057 
52433,40944 
52433,40981 
52433,40914 
52433,41006 
52433,41032 
52433,40951 
52433,41017 
52433,40846 
52433,40956 
52433,40867 
52433,40995 
52433,40967 
52433,40978 
52433,41013 
52433,40939 
52433,41005 
52433,41003 
52433,41068 
52433,40931 
52433,41037 
52433,40981 
52433,40883 
52433,40922 
52433,40963 
52433,40966 
52433,40982 
52433,40958 
52433,40969 
52433,40898 
52433,40960 
52433,40960 
52433,40975 
52433,40879 
52433,40907 
52433,40887 
52433,40843 
52433,40999 
52433,41004 
52433,40901 
52433,40967 
52433,40994 
52433,40956 
52433,40987 
52433,40938 
52433,40850 
52433,40947 
52433,41009 
52433,40980 
52433,41017 
52433,41017 
52433,40911 
52433,41047 
52433,41130 
52433,41116 
52433,40971 
52433,41030 
52433,41007 
52433,40929 
52433,40946 
52433,40983 
52433,41037 
52433,40968 
52433,41027 
52433,40994 
52433,40993 
52433,40858 
52433,41025 
52433,41035 
52433,40991 
52433,41040 
52433,40951 
52433,40954 
52433,41008 
52433,40971 
52433,41044 
52433,40997 
52433,40937 
52433,41093 
52433,41003 
52433,40954 
52433,40935 
52433,40956 
52433,40965 
52433,40996 
52433,41005 
52433,41089 
52433,40901 
52433,40983 
52433,41028 
52433,41019 
52433,41015 
52433,41019 
52433,41013 
52433,41007 
52433,41005 
52433,41025 
52433,41048 
52433,40911 
52433,40947 
52433,41057 
52433,41004 
52433,41044 
52433,40991 
52433,40969 
52433,40971 
52433,41056 
52433,41001 
52433,40946 
52433,41127 
52433,41019 
52433,40933 
52433,40925 
52433,40947 
52433,40976 
52433,40982 
52433,41046 
52433,41008 
52433,40855 
52433,41014 
52433,40874 
52433,41035 
52433,41006 
52433,40971 
52433,40955 
52433,40977 
52433,41053 
52433,40920 
52433,40999 
52433,40996 
52433,41035 
52433,40821 
52433,40997 
52433,40973 
52433,40943 
52433,40814 
52433,40943 
52433,40969 
52433,40977 
52433,41022 
52433,41016 
52433,40923 
52433,40900 
52433,41008 
52433,41033 
52433,41043 
52433,41019 
52433,40897 
52433,41025 
52433,40987 
52433,40978 
52433,40965 
52433,41014 
52433,40983 
52433,40854 
52433,40929 
52433,40936 
52433,41041 
52433,40959 
52433,40982 
52433,40851 
52433,40872 
52433,40898 
52433,40930 
52433,40933 
45882,41073 
45882,40944 
45882,40949 
45882,40965 
45882,40882 
45882,41032 
45882,40854 
45882,40969 
45882,40928 
45882,40933 
45882,40974 
45882,40926 
45882,41033 
45882,40927 
45882,40902 
45882,40882 
45882,40937 
45882,40928 
45882,40978 
45882,41056 
45882,40853 
45882,40891 
45882,40926 
45882,40998 
45882,41012 
45882,41048 
45882,40994 
45882,40960 
45882,40953 
45882,40943 
45882,40971 
45882,40938 
45882,41064 
45882,41007 
45882,41019 
45882,41128 
45882,40991 
45882,41016 
45882,41077 
45882,41023 
45882,41072 
45882,41067 
45882,41082 
45882,41034 
45882,41078 
45882,41087 
45882,41068 
45882,41033 
45882,41077 
45882,41041 
45882,41103 
45882,41107 
45882,41081 
45882,41212 
45882,41086 
45882,41116 
45882,41096 
45882,41137 
45882,41187 
45882,41157 
45882,41026 
45882,41020 
45882,41097 
45882,41002 
45882,41103 
45882,41154 
45882,41169 
45882,41102 
45882,41200 
45882,41155 
45882,41164 
45882,41182 
45882,41115 
45882,41096 
45882,41102 
45882,41235 
45882,41226 
45882,41253 
45882,41156 
45882,41206 
45882,41218 
45882,41214 
45882,41286 
45882,41252 
45882,41172 
45882,41163 
45882,41134 
45882,41225 
45882,41246 
45882,41167 
45882,41247 
45882,41240 
45882,41210 
45882,41219 
45882,41196 
45882,41224 
45882,41313 
45882,41206 
45882,41210 
45882,41205 
45882,41294 
45882,41212 
45882,41275 
45882,41374 
45882,41285 
45882,41297 
45882,41343 
45882,41237 
45882,41334 
45882,41234 
45882,41251 
45882,41335 
45882,41282 
45882,41325 
45882,41290 
45882,41312 
45882,41331 
45882,41356 
45882,41261 
45882,41367 
45882,41321 
45882,41398 
45882,41363 
45882,41320 
45882,41319 
45882,41305 
45882,41299 
45882,41364 
45882,41416 
45882,41403 
45882,41354 
45882,41375 
45882,41281 
45882,41401 
45882,41393 
45882,41375 
45882,41289 
45882,41431 
45882,41426 
45882,41429 
45882,41307 
45882,41328 
45882,41417 
45882,41372 
45882,41369 
45882,41437 
45882,41441 
45882,41458 
45882,41378 
45882,41435 
45882,41383 
45882,41400 
45882,41406 
45882,41442 
45882,41444 
45882,41512 
45882,41501 
45882,41435 
45882,41433 
45882,41648 
45882,44005 
45882,42205 
45882,41983 
45882,41500 
45882,41476 
45882,41375 
45882,41425 
45882,41402 
45882,41393 
45882,41496 
45882,41461 
45882,41478 
45882,41541 
45882,41484 
45882,41441 
45882,41420 
45882,41440 
45882,41630 
45882,41462 
45882,41426 
45882,41530 
45882,41423 
45882,41561 
45882,41484 
45882,41469 
45882,41527 
45882,41513 
45882,41565 
45882,41394 
45882,41474 
45882,41475 
45882,41405 
45882,41479 
45882,41503 
45882,41537 
45882,41559 
45882,41467 
45882,41560 
45882,41507 
45882,41539 
45882,41573 
45882,41550 
45882,41433 
45882,41519 
45882,41476 
45882,41531 
45882,41566 
45882,41560 
45882,41486 
45882,41456 
45882,41557 
45882,41586 
45882,41517 
45882,41570 
45882,41570 
45882,41598 
45882,41517 
45882,41541 
45882,41633 
45882,41617 
45882,41584 
45882,41524 
45882,41595 
45882,41556 
45882,41497 
45882,41572 
45882,41599 
45882,41680 
45882,41608 
45882,41658 
45882,41639 
45882,41627 
45882,41599 
45882,41637 
45882,41607 
45882,41521 
45882,41490 
45882,41572 
45882,41654 
45882,41573 
45882,41649 
45882,41645 
45882,41628 
45882,41607 
45882,41540 
45882,41588 
45882,41749 
45882,41633 
45882,41589 
45882,41539 
45882,41564 
45882,41658 
45882,41598 
45882,41659 
45882,41600 
45882,41588 
45882,41657 
45882,41615 
45882,41737 
45882,41610 
45882,41594 
45882,41600 
45882,41635 
45882,41650 
45882,41600 
45882,41687 
45882,41636 
45882,41669 
45882,41717 
45882,41702 
45882,41596 
45882,41657 
45882,41657 
45882,41613 
45882,41585 
45882,41712 
45882,41665 
45882,41645 
45882,41626 
45882,41698 
45882,41611 
45882,41724 
45882,41690 
45882,41654 
45882,41684 
45882,41593 
45882,41770 
45882,41654 
45882,41650 
45882,41637 
45882,41789 
45882,41578 
45882,41751 
45882,41654 
45882,41704 
45882,41747 
45882,41711 
45882,41692 
45882,41714 
45882,41643 
45882,41647 
45882,41652 
45882,41707 
45882,41771 
45882,41692 
45882,41628 
45882,41669 
45882,41613 
45882,41641 
45882,41659 
45882,41710 
45882,41637 
45882,41675 
45882,41576 
45882,41603 
45882,41778 
45882,41792 
45882,41696 
45882,41757 
45882,41797 
45882,41634 
45882,41716 
45882,41690 
45882,41770 
45882,41737 
45882,41695 
45882,41730 
45882,41710 
45882,41772 
45882,41731 
45882,41769 
45882,41841 
45882,41690 
45882,41729 
45882,41789 
45882,41732 
45882,41796 
45882,41777 
45882,41679 
45882,41681 
45882,41725 
45882,41762 
45882,41711 
45882,41712 
45882,41760 
45882,41781 
45882,41818 
45882,41711 
45882,41776 
45882,41784 
45882,41674 
45882,41656 
45882,41753 
45882,41778 
45882,41693 
45882,41681 
45882,41747 
45882,41661 
45882,41712 
45882,41764 
45882,41798 
45882,41786 
45882,41733 
45882,41765 
45882,41716 
45882,41802 
45882,41752 
45882,41781 
45882,41811 
45882,41781 
45882,41794 
45882,41726 
45882,41769 
45882,41658 
45882,41792 
45882,41735 
45882,41711 
45882,41791 
45882,41879 
45882,41778 
45882,41826 
45882,41797 
45882,41792 
45882,41702 
45882,41788 
45882,41775 
45882,41797 
45882,41712 
45882,41815 
45882,41828 
45882,41779 
45882,41811 
45882,41725 
45882,41827 
45882,41792 
45882,41788 
45882,41811 
45882,41863 
45882,41806 
45882,41791 
45882,41814 
45882,41793 
45882,41759 
45882,41727 
45882,41745 
45882,41845 
45882,41797 
45882,41794 
45882,41916 
45882,41905 
45882,41793 
45882,41791 
45882,41752 
45882,41879 
45882,41826 
45882,41792 
45882,41840 
45882,41840 
45882,41819 
45882,41851 
45882,41700 
45882,41839 
45882,41792 
45882,41900 
45882,41874 
45882,41746 
45882,41850 
45882,41844 
45882,41845 
45882,41880 
45882,41853 
45882,41946 
45882,41888 
45882,41980 
45882,41887 
45882,41903 
45882,41882 
45882,41843 
45882,41892 
45882,41870 
45882,41829 
45882,41840 
45882,41784 
45882,41841 
45882,41898 
45882,41772 
45882,41812 
45882,41917 
45882,41797 
45882,41860 
45882,41819 
45882,41726 
45882,41742 
45882,41879 
45882,41820 
45882,41823 
45882,41871 
45882,41819 
45882,41784 
45882,41867 
45882,41804 
45882,41746 
45882,41890 
45882,41833 
45882,41786 
45882,41855 
45882,41868 
45882,41892 
45882,41797 
45882,41780 
45882,41826 
45882,41763 
45882,41905 
45882,41922 
45882,41854 
45882,41781 
45882,41829 
45882,41869 
45882,41945 
45882,41791 
45882,41799 
45882,41907 
45882,41975 
45882,41898 
45882,41819 
45882,41935 
45882,41855 
45882,41860 
45882,41892 
45882,41829 
45882,41852 
45882,41871 
45882,41891 
45882,41856 
45882,41964 
45882,41877 
45882,41891 
45882,41839 
45882,41792 
45882,41868 
45882,41903 
45882,41894 
45882,41894 
45882,41773 
45882,41935 
45882,41876 
45882,41779 
45882,41887 
45882,41823 
45882,41861 
45882,41814 
45882,41834 
45882,41960 
45882,41855 
45882,41939 
45882,41876 
45882,41836 
45882,41828 
45882,41909 
45882,41860 
45882,41924 
45882,41869 
45882,41898 
45882,41854 
45882,41829 
45882,41826 
45882,41886 
45882,41846 
45882,41922 
45882,41859 
45882,41957 
45882,41998 
45882,41893 
45882,41957 
45882,41958 
45882,41927 
45882,41830 
45882,41921 
45882,41883 
45882,41942 
45882,42032 
45882,41947 
45882,42012 
45882,41993 
45882,41900 
45882,42024 
45882,41975 
45882,41905 
45882,41963 
45882,41950 
45882,41958 
45882,41813 
45882,41949 
45882,41989 
45882,41952 
45882,41966 
45882,41987 
45882,41928 
45882,42022 
45882,42004 
45882,41983 
45882,41920 
45882,41905 
45882,42031 
45882,41919 
45882,41996 
45882,41928 
45882,41899 
45882,41930 
45882,41935 
45882,41925 
45882,41980 
45882,41861 
45882,41990 
45882,41969 
45882,41929 
45882,42057 
45882,41893 
45882,42017 
45882,41989 
45882,42003 
45882,42017 
45882,41949 
45882,42012 
45882,42055 
45882,41998 
45882,42024 
45882,41967 
45882,42006 
45882,42004 
45882,42022 
45882,41964 
45882,41926 
45882,42030 
45882,41917 
45882,41975 
45882,41952 
45882,41941 
45882,42038 
45882,41961 
45882,41920 
45882,41992 
45882,42003 
45882,41985 
45882,41972 
45882,41934 
45882,41872 
45882,41951 
45882,41994 
45882,42015 
45882,41961 
45882,41986 
45882,41992 
45882,41961 
45882,41973 
45882,42012 
45882,42012 
45882,42036 
45882,41925 
45882,41957 
45882,41950 
45882,41967 
45882,41929 
45882,42057 
45882,41975 
45882,41962 
45882,41999 
45882,41943 
45882,41926 
45882,41924 
45882,42052 
45882,42061 
45882,41907 
45882,42099 
45882,42005 
45882,41972 
45882,42021 
45882,42001 
45882,41994 
45882,42057 
45882,41971 
45882,41894 
45882,42009 
45882,42011 
45882,42053 
45882,42072 
45882,41999 
45882,42041 
45882,42061 
45882,42091 
45882,41900 
45882,41953 
45882,41991 
45882,41978 
45882,41909 
45882,41966 
45882,42115 
45882,42009 
45882,41948 
45882,42024 
45882,41980 
45882,41913 
45882,41985 
45882,41864 
45882,41924 
45882,42040 
45882,41973 
45882,42083 
45882,41936 
45882,41988 
45882,42028 
45882,42124 
45882,42080 
45882,42007 
45882,42022 
45882,42063 
45882,41943 
45882,42018 
45882,42058 
45882,42035 
45882,42019 
45882,42007 
45882,42037 
45882,42045 
45882,42052 
45882,42072 
45882,42013 
45882,42067 
45882,42018 
45882,41910 
45882,41980 
45882,41962 
45882,41913 
45882,41968 
45882,42017 
45882,41929 
45882,42049 
45882,42034 
45882,42025 
45882,42047 
45882,42046 
45882,42007 
45882,42052 
45882,42075 
45882,41996 
45882,42022 
45882,42035 
45882,42120 
45882,42087 
45882,41953 
45882,42004 
45882,42058 
45882,42028 
45882,41989 
45882,42028 
45882,42066 
45882,42032 
45882,42051 
45882,42061 
45882,41919 
45882,42003 
45882,41953 
45882,42088 
45882,42078 
45882,42004 
45882,42002 
45882,42034 
45882,42072 
45882,42041 
45882,42115 
45882,42063 
45882,41967 
45882,42035 
45882,42011 
45882,41961 
45882,41969 
45882,41981 
45882,42033 
45882,41998 
45882,42083 
45882,42098 
45882,42094 
45882,42081 
45882,42017 
45882,41956 
45882,42070 
45882,42050 
45882,42046 
45882,42156 
45882,42077 
45882,42046 
45882,42053 
45882,42001 
45882,42079 
45882,41987 
45882,42072 
45882,42013 
45882,42103 
45882,42029 
45882,42029 
45882,42016 
45882,42081 
45882,42033 
45882,42081 
45882,42104 
45882,42052 
45882,42011 
45882,42037 
45882,42058 
45882,42030 
45882,42069 
45882,42034 
45882,42081 
45882,42050 
45882,42025 
45882,42024 
45882,42030 
45882,41948 
45882,41938 
45882,42022 
45882,42071 
45882,42046 
45882,42070 
45882,42072 
45882,41997 
45882,41906 
45882,42067 
45882,42092 
45882,42064 
45882,42056 
45882,42055 
45882,41943 
45882,42121 
45882,42075 
45882,42101 
45882,42035 
45882,42040 
45882,42028 
45882,42134 
45882,42060 
45882,42044 
45882,42048 
45882,42126 
45882,42032 
45882,42075 
45882,41976 
45882,42042 
45882,42053 
45882,42196 
45882,42092 
45882,42085 
45882,42094 
45882,42084 
45882,41975 
45882,42122 
45882,42080 
45882,42090 
45882,42057 
45882,42029 
45882,44021 
45882,42096 
45882,42182 
45882,42027 
45882,42112 
45882,42119 
45882,42126 
45882,42052 
45882,42115 
45882,42064 
45882,42059 
45882,41961 
45882,42066 
45882,42014 
45882,42085 
45882,42117 
45882,42050 
45882,42080 
45882,42068 
45882,42036 
45882,42088 
45882,42133 
45882,42104 
45882,42030 
45882,42120 
45882,42090 
45882,42100 
45882,42035 
45882,42037 
45882,42005 
45882,41980 
45882,42054 
45882,42122 
45882,42072 
45882,41960 
45882,42012 
45882,42066 
45882,42144 
45882,42077 
45882,42053 
45882,42032 
45882,41992 
45882,42096 
45882,42025 
45882,42074 
45882,41936 
45882,42073 
45882,42042 
45882,42092 
45882,42065 
45882,42032 
45882,42039 
45882,42095 
45882,42072 
45882,42147 
45882,42040 
45882,42064 
45882,42104 
45882,42096 
45882,41968 
45882,42062 
45882,42039 
45882,42094 
45882,42087 
45882,42057 
45882,42149 
45882,42029 
45882,42094 
45882,41957 
45882,42195 
45882,41982 
45882,42060 
45882,42089 
45882,42115 
45882,42066 
45882,42039 
45882,42031 
45882,42084 
45882,42133 
45882,41979 
45882,42149 
45882,42040 
45882,42104 
45882,42138 
45882,42119 
45882,42116 
45882,42117 
45882,42171 
45882,42003 
45882,42118 
45882,42086 
45882,42100 
45882,42035 
45882,42112 
45882,42077 
45882,42094 
45882,42074 
45882,42036 
45882,42046 
45882,42033 
45882,42043 
45882,42071 
45882,42091 
45882,41992 
45882,42184 
45882,42177 
45882,42158 
45882,42019 
45882,42018 
45882,41983 
45882,41938 
45882,42089 
45882,41961 
45882,42142 
45882,42101 
45882,42052 
45882,42051 
45882,42098 
45882,42101 
45882,42065 
45882,42039 
45882,42015 
45882,42086 
45882,42124 
45882,42093 
45882,42121 
45882,42140 
45882,42158 
45882,42180 
45882,42144 
45882,42187 
45882,42160 
45882,42159 
45882,42209 
45882,42151 
45882,42103 
45882,42089 
45882,42175 
45882,42083 
45882,42124 
45882,42125 
45882,42000 
45882,42134 
45882,42138 
45882,42141 
45882,42210 
45882,42204 
45882,42225 
45882,42181 
45882,42130 
45882,42187 
45882,42160 
45882,42105 
45882,42155 
45882,42149 
45882,42158 
45882,42155 
45882,42125 
45882,42110 
45882,42193 
45882,42097 
45882,42094 
45882,42185 
45882,42054 
45882,42084 
45882,42055 
45882,42143 
45882,42077 
45882,42141 
45882,42158 
45882,42120 
45882,42179 
45882,42136 
45882,42102 
45882,42118 
45882,42101 
45882,42087 
45882,42158 
45882,42154 
45882,42126 
45882,42130 
45882,42159 
45882,42161 
45882,42120 
45882,42138 
45882,42163 
45882,42154 
45882,42150 
45882,42155 
45882,42145 
45882,42127 
45882,42135 
45882,42126 
45882,42176 
45882,42119 
45882,42121 
45882,42129 
45882,42166 
45882,42150 
45882,42191 
45882,42164 
45882,42122 
45882,42185 
45882,42155 
45882,42106 
45882,42113 
45882,42143 
45882,42209 
45882,42075 
45882,42198 
45882,42133 
45882,42183 
45882,42097 
45882,42168 
45882,42190 
45882,42143 
45882,42174 
45882,42232 
45882,42117 
45882,42147 
45882,42130 
45882,42202 
45882,42048 
45882,42221 
45882,42184 
45882,42074 
45882,41996 
45882,42139 
45882,42073 
45882,42153 
45882,42042 
45882,42111 
45882,42087 
45882,41996 
45882,42140 
45882,42154 
45882,42224 
45882,42099 
45882,42172 
45882,42151 
45882,42090 
45882,42074 
45882,42166 
45882,42041 
45882,42240 
45882,42210 
45882,42130 
45882,42214 
45882,42186 
45882,42255 
45882,42207 
45882,42195 
45882,42240 
45882,42237 
45882,42149 
45882,42191 
45882,42181 
45882,42154 
45882,48266 
45882,42169 
45882,42134 
45882,42168 
45882,42240 
45882,42214 
45882,42150 
45882,42156 
45882,42125 
45882,42275 
45882,42114 
45882,42110 
45882,42135 
45882,42116 
45882,42152 
45882,42134 
45882,42137 
45882,42111 
45882,42177 
45882,42220 
45882,42167 
45882,42124 
45882,42200 
45882,42087 
45882,42167 
45882,42125 
45882,42158 
45882,42180 
45882,42067 
45882,42083 
45882,42171 
45882,42156 
45882,42148 
45882,42163 
45882,42089 
45882,42151 
45882,42166 
45882,42116 
45882,42225 
45882,42073 
45882,42190 
45882,42229 
45882,42143 
45882,42158 
45882,42128 
45882,42208 
45882,42144 
45882,42204 
45882,42228 
45882,42179 
45882,42111 
45882,42094 
45882,42078 
45882,42062 
45882,42214 
45882,42225 
45882,42270 
45882,42184 
45882,42077 
45882,42190 
45882,42148 
45882,42187 
45882,42186 
45882,42154 
45882,42129 
45882,42199 
45882,42060 
45882,42190 
45882,42096 
45882,41999 
45882,42079 
45882,42098 
45882,42026 
45882,42032 
45882,42028 
45882,42143 
45882,42228 
45882,42325 
45882,42222 
45882,42233 
45882,42184 
45882,42180 
45882,42141 
45882,42203 
45882,42089 
45882,42185 
45882,42164 
45882,42148 
45882,42198 
45882,42223 
45882,42160 
45882,42293 
45882,42183 
45882,42169 
45882,42170 
45882,42232 
45882,42167 
45882,42038 
45882,42197 
45882,42169 
45882,42177 
45882,42196 
45882,42175 
45882,42140 
45882,42163 
45882,42069 
45882,42251 
45882,42207 
45882,42139 
45882,42167 
45882,42122 
45882,42151 
45882,42131 
45882,42292 
45882,42117 
45882,42209 
45882,42239 
45882,42155 
45882,42039 
45882,42157 
45882,42116 
45882,42156 
45882,42138 
52433,42214 
52433,42114 
52433,42172 
52433,42062 
52433,42242 
52433,42108 
52433,42146 
52433,42266 
52433,42254 
52433,42172 
52433,42227 
52433,42201 
52433,42134 
52433,42088 
52433,42146 
52433,42207 
52433,42183 
52433,42173 
52433,42149 
52433,42132 
52433,42189 
52433,42177 
52433,42071 
52433,42128 
52433,42128 
52433,42094 
52433,42072 
52433,42209 
52433,42173 
52433,42058 
52433,42172 
52433,42163 
52433,42175 
52433,42077 
52433,42043 
52433,42091 
52433,42171 
52433,42198 
52433,42029 
52433,42153 
52433,42210 
52433,42250 
52433,42165 
52433,42106 
52433,42166 
52433,42095 
52433,42129 
52433,42178 
52433,42100 
52433,42169 
52433,42051 
52433,42038 
52433,42108 
52433,42087 
52433,42158 
52433,42065 
52433,42140 
52433,42112 
52433,42130 
52433,42143 
52433,42088 
52433,42074 
52433,42065 
52433,42084 
52433,42093 
52433,42093 
52433,42042 
52433,42077 
52433,42043 
52433,42115 
52433,41977 
52433,42062 
52433,42033 
52433,41989 
52433,42037 
52433,41963 
52433,42062 
52433,42037 
52433,42051 
52433,42028 
52433,42014 
52433,42030 
52433,42029 
52433,42019 
52433,47951 
52433,42011 
52433,42016 
52433,41994 
52433,42012 
52433,42004 
52433,41970 
52433,41946 
52433,41900 
52433,41988 
52433,41925 
52433,41777 
52433,41961 
52433,41897 
52433,41942 
52433,41889 
52433,41994 
52433,41981 
52433,41930 
52433,41940 
52433,41944 
52433,41892 
52433,41866 
52433,41811 
52433,41878 
52433,41928 
52433,41924 
52433,41816 
52433,41835 
52433,41937 
52433,41978 
52433,41890 
52433,41900 
52433,41755 
52433,41869 
52433,41757 
52433,41872 
52433,41927 
52433,41864 
52433,41805 
52433,41814 
52433,41757 
52433,41814 
52433,41814 
52433,41873 
52433,41836 
52433,41796 
52433,41845 
52433,41836 
52433,41795 
52433,41720 
52433,41834 
52433,41760 
52433,41759 
52433,41810 
52433,41762 
52433,41715 
52433,41727 
52433,41696 
52433,41663 
52433,41663 
52433,41834 
52433,41695 
52433,41672 
52433,41732 
52433,41711 
52433,41728 
52433,41708 
52433,41760 
52433,41791 
52433,41662 
52433,41717 
52433,41603 
52433,41667 
52433,41721 
52433,41763 
52433,41753 
52433,41785 
52433,41744 
52433,41503 
52433,41663 
52433,41753 
52433,41753 
52433,41734 
52433,41735 
52433,41702 
52433,41748 
52433,41657 
52433,41676 
52433,41708 
52433,41706 
52433,41729 
52433,41725 
52433,41683 
52433,41681 
52433,41738 
52433,41681 
52433,41724 
52433,41676 
52433,41720 
52433,41717 
52433,41674 
52433,41713 
52433,41583 
52433,41667 
52433,41661 
52433,41689 
52433,41715 
52433,41670 
52433,41666 
52433,41630 
52433,41664 
52433,41616 
52433,41666 
52433,41657 
52433,41646 
52433,41634 
52433,41685 
52433,41665 
52433,41624 
52433,41669 
52433,41576 
52433,41613 
52433,41636 
52433,41607 
52433,41665 
52433,41532 
52433,41580 
52433,41631 
52433,41576 
52433,41587 
52433,41559 
52433,41598 
52433,41549 
52433,41515 
52433,41615 
52433,41562 
52433,41535 
52433,41612 
52433,41612 
52433,41679 
52433,41567 
52433,41627 
52433,41572 
52433,41581 
52433,41529 
52433,41613 
52433,41409 
52433,41521 
52433,41543 
52433,41513 
52433,41551 
52433,41523 
52433,41507 
52433,41534 
52433,41587 
52433,41538 
52433,41575 
52433,41366 
52433,41569 
52433,41517 
52433,41532 
52433,41578 
52433,41551 
52433,41496 
52433,41539 
52433,41455 
52433,41491 
52433,41546 
52433,41585 
52433,41571 
52433,41576 
52433,41572 
52433,41505 
52433,41532 
52433,41563 
52433,41507 
52433,41436 
52433,41521 
52433,41528 
52433,41540 
52433,41511 
52433,41524 
52433,41511 
52433,41534 
52433,41487 
52433,41528 
52433,41528 
52433,41454 
52433,41559 
52433,41534 
52433,41568 
52433,41499 
52433,41510 
52433,41434 
52433,41412 
52433,41462 
52433,41455 
52433,41460 
52433,41510 
52433,41408 
52433,41479 
52433,41495 
52433,41417 
52433,41492 
52433,41443 
52433,41479 
52433,41413 
52433,41427 
52433,41445 
52433,41415 
52433,41492 
52433,41417 
52433,41518 
52433,41416 
52433,41448 
52433,41531 
52433,41418 
52433,41481 
52433,41484 
52433,41461 
52433,41444 
52433,41448 
52433,41477 
52433,41441 
52433,41427 
52433,41377 
52433,41386 
52433,41478 
52433,41445 
52433,41356 
52433,41432 
52433,41416 
52433,41383 
52433,41310 
52433,41416 
52433,41505 
52433,41434 
52433,41337 
52433,41508 
52433,41345 
52433,41423 
52433,41387 
52433,41438 
52433,41421 
52433,41461 
52433,41480 
52433,41431 
52433,41422 
52433,41429 
52433,41428 
52433,41359 
52433,41440 
52433,41351 
52433,41484 
52433,41449 
52433,41419 
52433,41423 
52433,41446 
52433,41343 
52433,41322 
52433,41463 
52433,41375 
52433,41250 
52433,41410 
52433,41376 
52433,41702 
52433,41387 
52433,41379 
52433,41388 
52433,41471 
52433,41381 
52433,41342 
52433,41395 
52433,41381 
52433,41330 
52433,41424 
52433,41373 
52433,41405 
52433,41380 
52433,41319 
52433,41319 
52433,41436 
52433,41364 
52433,41390 
52433,41420 
52433,41302 
52433,41266 
52433,41357 
52433,41358 
52433,41383 
52433,41331 
52433,41288 
52433,41331 
52433,41362 
52433,41330 
52433,41470 
52433,41408 
52433,41463 
52433,41431 
52433,41339 
52433,41400 
52433,41346 
52433,41198 
52433,41369 
52433,41337 
52433,41314 
52433,41312 
52433,41331 
52433,41334 
52433,41365 
52433,41214 
52433,41307 
52433,41343 
52433,41242 
52433,41336 
52433,41266 
52433,41245 
52433,41366 
52433,41246 
52433,41200 
52433,41331 
52433,41222 
52433,41286 
52433,41393 
52433,41243 
52433,41269 
52433,41405 
52433,41319 
52433,41314 
52433,41365 
52433,41223 
52433,41316 
52433,41261 
52433,41384 
52433,41354 
52433,41311 
52433,41234 
52433,41366 
52433,41282 
52433,41308 
52433,41313 
52433,41313 
52433,41311 
52433,41280 
52433,41297 
52433,41345 
52433,41231 
52433,41296 
52433,41262 
52433,41301 
52433,41287 
52433,41405 
52433,41324 
52433,41293 
52433,43686 
52433,41299 
52433,41379 
52433,41342 
52433,41278 
52433,41294 
52433,41352 
52433,41280 
52433,41276 
52433,41355 
52433,41315 
52433,41204 
52433,41283 
52433,41285 
52433,41237 
52433,41313 
52433,41296 
52433,41287 
52433,41266 
52433,41260 
52433,41223 
52433,41269 
52433,41272 
52433,41173 
52433,41195 
52433,41209 
52433,41123 
52433,41086 
52433,41263 
52433,41294 
52433,41239 
52433,41194 
52433,41276 
52433,41377 
52433,41323 
52433,41139 
52433,41180 
52433,41265 
52433,41289 
52433,41212 
52433,41291 
52433,41204 
52433,41238 
52433,41218 
52433,41154 
52433,41166 
52433,41184 
52433,41292 
52433,41257 
52433,41258 
52433,41201 
52433,41265 
52433,41240 
52433,41140 
52433,41192 
52433,41255 
52433,41263 
52433,41242 
52433,41293 
52433,41296 
52433,41187 
52433,41272 
52433,41313 
52433,41266 
52433,41207 
52433,41301 
52433,41247 
52433,41264 
52433,41183 
52433,41229 
52433,41240 
52433,41227 
52433,41396 
52433,41234 
52433,41282 
52433,41231 
52433,41277 
52433,41280 
52433,41196 
52433,41228 
52433,41364 
52433,41295 
52433,41181 
52433,41182 
52433,41254 
52433,41232 
52433,41177 
52433,41219 
52433,41237 
52433,41246 
52433,41257 
52433,41297 
52433,41226 
52433,41240 
52433,41196 
52433,41283 
52433,41178 
52433,41177 
52433,41198 
52433,41192 
52433,41189 
52433,41227 
52433,41153 
52433,41274 
52433,41256 
52433,41174 
52433,41165 
52433,41169 
52433,41276 
52433,41266 
52433,41231 
52433,41243 
52433,41236 
52433,41127 
52433,41252 
52433,41230 
52433,41208 
52433,41225 
52433,41192 
52433,41237 
52433,41194 
52433,41127 
52433,41165 
52433,41087 
52433,41162 
52433,41282 
52433,41053 
52433,41202 
52433,41179 
52433,41049 
52433,41197 
52433,41135 
52433,41192 
52433,41087 
52433,41204 
52433,41206 
52433,41219 
52433,41219 
52433,41145 
52433,41088 
52433,41221 
52433,41202 
52433,41164 
52433,41163 
52433,41274 
52433,41238 
52433,41273 
52433,41222 
52433,41243 
52433,41233 
52433,41228 
52433,41247 
52433,41162 
52433,41183 
52433,41185 
52433,41220 
52433,41170 
52433,41155 
52433,41233 
52433,41213 
52433,41304 
52433,41196 
52433,41214 
52433,41204 
52433,41191 
52433,41157 
52433,41214 
52433,41195 
52433,41186 
52433,42011 
52433,41173 
52433,41261 
52433,41170 
52433,41208 
52433,41268 
52433,41199 
52433,41162 
52433,41188 
52433,41227 
52433,41151 
52433,41106 
52433,41111 
52433,41122 
52433,41156 
52433,41169 
52433,41159 
52433,41193 
52433,41180 
52433,41091 
52433,41183 
52433,41225 
52433,41205 
52433,41166 
52433,41244 
52433,41199 
52433,41168 
52433,41179 
52433,41109 
52433,41190 
52433,41116 
52433,41175 
52433,41063 
52433,41203 
52433,41172 
52433,41206 
52433,41240 
52433,41164 
52433,41178 
52433,41183 
52433,41185 
52433,41198 
52433,41197 
52433,41143 
52433,41214 
52433,41183 
52433,41114 
52433,41075 
52433,41096 
52433,41071 
52433,41165 
52433,41139 
52433,41256 
52433,41126 
52433,41112 
52433,41193 
52433,41137 
52433,41125 
52433,41176 
52433,41168 
52433,41061 
52433,41139 
52433,41059 
52433,41020 
52433,41129 
52433,41214 
52433,41181 
52433,41136 
52433,41133 
52433,41199 
52433,41136 
52433,41040 
52433,41161 
52433,41195 
52433,41177 
52433,41117 
52433,41045 
52433,41163 
52433,41217 
52433,41200 
52433,41191 
52433,41109 
52433,41149 
52433,41163 
52433,41226 
52433,41151 
52433,41206 
52433,41173 
52433,41129 
52433,41191 
52433,41130 
52433,41092 
52433,41226 
52433,41164 
52433,41151 
52433,41171 
52433,41152 
52433,41175 
52433,41139 
52433,41052 
52433,41237 
52433,41174 
52433,41073 
52433,41119 
52433,41180 
52433,41205 
52433,41103 
52433,41147 
52433,41183 
52433,41163 
52433,41166 
52433,41164 
52433,41083 
52433,41131 
52433,41143 
52433,41141 
52433,41174 
52433,41175 
52433,41144 
52433,41214 
52433,41214 
52433,41057 
52433,41205 
52433,41109 
52433,41130 
52433,41135 
52433,41166 
52433,41082 
52433,41231 
52433,41092 
52433,41145 
52433,41198 
52433,41039 
52433,41053 
52433,41200 
52433,41113 
52433,41117 
52433,41108 
52433,41202 
52433,40999 
52433,40959 
52433,41136 
52433,41135 
52433,41129 
52433,41078 
52433,41064 
52433,41136 
52433,41089 
52433,41178 
52433,41005 
52433,41043 
52433,41087 
52433,41128 
52433,41120 
52433,41123 
52433,41226 
52433,41143 
52433,41108 
52433,40976 
52433,41097 
52433,41109 
52433,41203 
52433,41091 
52433,41128 
52433,41168 
52433,41121 
52433,41170 
52433,41126 
52433,41123 
52433,41230 
52433,41108 
52433,41108 
52433,41034 
52433,41062 
52433,41067 
52433,41116 
52433,41227 
52433,41216 
52433,41168 
52433,41051 
52433,41132 
52433,41190 
52433,41056 
52433,41195 
52433,41111 
52433,41138 
52433,41119 
52433,41200 
52433,41150 
52433,41091 
52433,41181 
52433,41121 
52433,41044 
52433,41102 
52433,41183 
52433,41035 
52433,41040 
52433,41116 
52433,41074 
52433,40944 
52433,41118 
52433,41028 
52433,41123 
52433,41126 
52433,41133 
52433,41152 
52433,41100 
52433,41117 
52433,41051 
52433,41125 
52433,41011 
52433,41204 
52433,41034 
52433,41114 
52433,41150 
52433,41070 
52433,41135 
52433,41105 
52433,41134 
52433,41142 
52433,41120 
52433,41191 
52433,41010 
52433,41199 
52433,41158 
52433,41114 
52433,41229 
52433,40970 
52433,41113 
52433,41188 
52433,41019 
52433,41068 
52433,40994 
52433,41091 
52433,41070 
52433,41130 
52433,41112 
52433,41177 
52433,41085 
52433,40938 
52433,41176 
52433,41010 
52433,41047 
52433,41104 
52433,41112 
52433,41025 
52433,40988 
52433,41115 
52433,41168 
52433,41093 
52433,41012 
52433,41139 
52433,41166 
52433,41122 
52433,41127 
52433,41142 
52433,41100 
52433,41108 
52433,41178 
52433,41110 
52433,41123 
52433,41154 
52433,41051 
52433,41082 
52433,41163 
52433,41131 
52433,41013 
52433,41137 
52433,41144 
52433,41118 
52433,41063 
52433,41073 
52433,41043 
52433,41099 
52433,41098 
52433,40985 
52433,41174 
52433,40991 
52433,41102 
52433,41124 
52433,41069 
52433,41109 
52433,41040 
52433,41150 
52433,41126 
52433,41152 
52433,41042 
52433,41093 
52433,41062 
52433,41104 
52433,41008 
52433,41083 
52433,41029 
52433,41153 
52433,41062 
52433,41099 
52433,41090 
52433,41067 
52433,41112 
52433,41155 
52433,41047 
52433,41049 
52433,41109 
52433,41148 
52433,41098 
52433,41094 
52433,41119 
52433,41167 
52433,41088 
52433,41057 
52433,41090 
52433,41104 
52433,41090 
52433,41140 
52433,41091 
52433,41109 
52433,41102 
52433,41149 
52433,41009 
52433,41147 
52433,41096 
52433,41077 
52433,41039 
52433,41060 
52433,41138 
52433,41120 
52433,41163 
52433,41048 
52433,41097 
52433,41093 
52433,41091 
52433,41020 
52433,41103 
52433,41017 
52433,41085 
52433,41034 
52433,41000 
52433,41040 
52433,41137 
52433,41113 
52433,41077 
52433,41060 
52433,40998 
52433,41158 
52433,41143 
52433,41004 
52433,41000 
52433,41144 
52433,41035 
52433,41036 
52433,41091 
52433,41070 
52433,40910 
52433,41013 
52433,41112 
52433,41044 
52433,41182 
52433,41071 
52433,41155 
52433,41212 
52433,41138 
52433,41098 
52433,40981 
52433,41160 
52433,40930 
52433,41007 
52433,40993 
52433,41041 
52433,40981 
52433,41019 
52433,41175 
52433,41035 
52433,41055 
52433,41154 
52433,41101 
52433,41104 
52433,41061 
52433,41064 
52433,41180 
52433,41074 
52433,41101 
52433,41115 
52433,41076 
52433,41124 
52433,41093 
52433,41068 
52433,41114 
52433,41097 
52433,41057 
52433,41024 
52433,41108 
52433,41134 
52433,41193 
52433,41053 
52433,41160 
52433,41047 
52433,41141 
52433,40989 
52433,41087 
52433,41050 
52433,41101 
52433,40981 
52433,41082 
52433,41154 
52433,41072 
52433,41159 
52433,41097 
52433,41051 
52433,41064 
52433,41073 
52433,41075 
52433,41029 
52433,40995 
52433,41086 
52433,41055 
52433,41041 
52433,41013 
52433,41123 
52433,41096 
52433,41000 
52433,41001 
52433,41070 
52433,41087 
52433,41046 
52433,41107 
52433,41175 
52433,40915 
52433,41115 
52433,41077 
52433,41149 
52433,41133 
52433,41035 
52433,41144 
52433,41092 
52433,41124 
52433,40996 
52433,41144 
52433,41145 
52433,41061 
52433,41042 
52433,41140 
52433,40890 
52433,41069 
52433,41046 
52433,41068 
52433,40938 
52433,41144 
52433,41118 
52433,40979 
52433,41093 
52433,40938 
52433,40928 
52433,41086 
52433,41135 
52433,41047 
52433,40992 
52433,40959 
52433,41042 
52433,41061 
52433,41004 
52433,41064 
52433,41150 
52433,41046 
52433,41033 
52433,41068 
52433,41092 
52433,40994 
52433,41119 
52433,41030 
52433,40970 
52433,41077 
52433,41072 
52433,41107 
52433,41179 
52433,41057 
52433,41071 
52433,40965 
52433,41036 
52433,41068 
52433,41062 
52433,41098 
52433,41074 
52433,41091 
52433,41104 
52433,41136 
52433,41099 
52433,41052 
52433,41052 
52433,41098 
52433,41085 
52433,41100 
52433,41098 
52433,41077 
52433,41105 
52433,41023 
52433,41038 
52433,41006 
52433,41050 
52433,41095 
52433,40932 
52433,41049 
52433,41061 
52433,41078 
52433,41002 
52433,41025 
52433,41152 
52433,41049 
52433,41084 
52433,41080 
52433,41008 
52433,41074 
52433,41054 
52433,40996 
52433,41080 
52433,41086 
52433,40971 
52433,41043 
52433,40981 
52433,41088 
52433,41028 
52433,41015 
52433,41164 
52433,40999 
52433,41038 
52433,41038 
52433,41007 
52433,41038 
52433,40937 
52433,41051 
52433,41056 
52433,41054 
52433,41030 
52433,41061 
52433,41040 
52433,41114 
52433,41009 
52433,40990 
52433,40974 
52433,41017 
52433,41013 
52433,41021 
52433,40952 
52433,41051 
52433,41132 
52433,41024 
52433,41016 
52433,41018 
52433,41035 
52433,41107 
52433,40974 
52433,41105 
52433,41146 
52433,40964 
52433,41099 
52433,40991 
52433,41041 
52433,41018 
52433,41110 
52433,41017 
52433,41014 
52433,41074 
52433,40991 
52433,41100 
52433,41055 
52433,41076 
52433,41007 
52433,41098 
52433,41032 
52433,41135 
52433,41020 
52433,41006 
52433,41064 
52433,41146 
52433,41127 
52433,41158 
52433,41045 
52433,40967 
52433,41103 
52433,40920 
52433,41095 
52433,41059 
52433,41042 
52433,41057 
52433,41041 
52433,41088 
52433,41095 
52433,41072 
52433,42412 
52433,40998 
52433,41082 
52433,41066 
