9151076406227
9151176299195
9151276300083
9151376299451
9151476300339
9151576299707
9151676299075
9151776299963
9151876299331
9151976300219
9152076299587
9152176300475
9152276296803
9152376299211
9152476295539
9152576299467
9152676300355
9152776295163
9152876296051
9152976295419
9153076296307
9153176300235
9153276296563
9153376300491
9153476298339
9153576294667
9153676295555
9153776296443
9153876297331
9153976299739
9154076297587
9154176299995
9154276296323
9154376300251
9154476295059
9154576295947
9154676298355
9154776296203
9154876298611
9154976299499
9155076295827
9155176295195
9155276297603
9155376300011
9155476299379
9155576300267
9155676299635
9155776300523
9155876299891
9155976300779
9156076300147
9156176299515
9156276300403
9156376299771
9156476296099
9156576295467
9156676296355
9156776295723
9156876295091
9156976295979
9157076295347
9157176300795
9157276297123
9157376299531
9157476300419
9157576295227
9157676296115
9157776295483
9157876296371
9157976295739
9158076295107
9158176295995
9158276299923
9158376300811
9158476295619
9158576296507
9158676295875
9158776295243
9158876296131
9158976295499
9159076296387
9159176295755
9159276296643
9159376300571
9159476295379
9159576296267
9159676295635
9159776296523
9159876295891
9159976295259
9160076296147
9160176301595
9160276300963
9160376300331
9160476301219
9160576300587
9160676295395
9160776296283
9160876295651
9160976296539
9161076295907
9161176296795
9161276300723
9161376295531
9161476296419
9161576295787
9161676296675
9161776296043
9161876295411
9161976296299
9162076295667
9162176301115
9162276297443
9162376298331
9162476296179
9162576295547
9162676296435
9162776300363
9162876301251
9162976302139
9163076299987
9163176299355
9163276300243
9163376301131
9163476300499
9163576301387
9163676300755
9163776300123
9163876301011
9163976300379
9164076299747
9164176299115
9164276301523
9164376300891
9164476300259
9164576299627
9164676300515
9164776299883
9164876300771
9164976300139
9165076301027
9165176300395
9165276299763
9165376300651
9165476301539
9165576300907
9165676300275
9165776302683
9165876300531
9165976301419
9166076300787
9166176301675
9166276301043
9166376300411
9166476301299
9166576300667
9166676301555
9166776300923
9166876300291
9166976301179
9167076300547
9167176301435
9167276299283
9167376301691
9167476301059
9167576300427
9167676299795
9167776300683
9167876300051
9167976299419
9168076301827
9168176301195
9168276300563
9168376301451
9168476302339
9168576301707
9168676299555
9168776298923
9168876301331
9168976300699
9169076301587
9169176300955
9169276301843
9169376299691
9169476300579
9169576299947
9169676300835
9169776301723
9169876301091
9169976301979
9170076301347
9170176300715
9170276301603
9170376302491
9170476301859
9170576301227
9170676300595
9170776301483
9170876300851
9170976301739
9171076301107
9171176303515
9171276301363
9171376302251
9171476301619
9171576300987
9171676301875
9171776301243
9171876302131
9171976301499
9172076300867
9172176301755
9172276301123
9172376302011
9172476301379
9172576300747
9172676301635
9172776301003
9172876300371
9172976301259
9173076300627
9173176301515
9173276302403
9173376303291
9173476301139
9173576302027
9173676299875
9173776300763
9173876301651
9173976301019
9174076300387
9174176299755
9174276300643
9174376301531
9174476300899
9174576301787
9174676301155
9174776302043
9174876301411
9174976302299
9175076301667
9175176301035
9175276301923
9175376301291
9175476302179
9175576301547
9175676302435
9175776301803
9175876301171
9175976302059
9176076301427
9176176302315
9176276301683
9176376301051
9176476300419
9176576301307
9176676302195
9176776301563
9176876302451
9176976301819
9177076301187
9177176302075
9177276301443
9177376300811
9177476303219
9177576302587
9177676301955
9177776301323
9177876302211
9177976301579
9178076302467
9178176301835
9178276301203
9178376302091
9178476302979
9178576302347
9178676301715
9178776302603
9178876301971
9178976301339
9179076302227
9179176303115
9179276302483
9179376303371
9179476302739
9179576302107
9179676301475
9179776302363
9179876301731
9179976302619
9180076301987
9180176301355
9180276302243
9180376301611
9180476302499
9180576301867
9180676302755
9180776302123
9180876301491
9180976302379
9181076301747
9181176302635
9181276302003
9181376302891
9181476302259
9181576301627
9181676302515
9181776301883
9181876302771
9181976302139
9182076301507
9182176302395
9182276301763
9182376302651
9182476302019
9182576302907
9182676302275
9182776301643
9182876302531
9182976301899
9183076302787
9183176302155
9183276303043
9183376302411
9183476301779
9183576302667
9183676302035
9183776302923
9183876302291
9183976301659
9184076302547
9184176301915
9184276302803
9184376303691
9184476303059
9184576302427
9184676301795
9184776302683
9184876303571
9184976302939
9185076302307
9185176303195
9185276302563
9185376301931
9185476302819
9185576302187
9185676303075
9185776303963
9185876301811
9185976302699
9186076303587
9186176302955
9186276302323
9186376303211
9186476302579
9186576301947
9186676302835
9186776302203
9186876303091
9186976302459
9187076303347
9187176302715
9187276302083
9187376302971
9187476302339
9187576303227
9187676302595
9187776301963
9187876302851
9187976302219
9188076303107
9188176302475
9188276303363
9188376302731
9188476300579
9188576301467
9188676302355
9188776303243
9188876302611
9188976301979
9189076302867
9189176302235
9189276303123
9189376302491
9189476303379
9189576302747
9189676302115
9189776303003
9189876300851
9189976301739
9190076301107
9190176303515
9190276302883
9190376300731
9190476303139
9190576302507
9190676303395
9190776302763
9190876302131
9190976303019
9191076300867
9191176303275
9191276302643
9191376302011
9191476301379
9191576303787
9191676304675
9191776302523
9191876303411
9191976304299
9192076302147
9192176303035
9192276302403
9192376303291
9192476302659
9192576303547
9192676302915
9192776302283
9192876301651
9192976301019
9193076303427
9193176302795
9193276303683
9193376301531
9193476302419
9193576303307
9193676301155
9193776303563
9193876301411
9193976303819
9194076303187
9194176302555
9194276301923
9194376301291
9194476303699
9194576303067
9194676305475
9194776303323
9194876304211
9194976302059
9195076301427
9195176302315
9195276301683
9195376302571
9195476303459
9195576301307
9195676302195
9195776303083
9195876302451
9195976303339
9196076302707
9196176303595
9196276302963
9196376303851
9196476303219
9196576302587
9196676304995
9196776302843
9196876302211
9196976303099
9197076302467
9197176303355
9197276301203
9197376302091
9197476302979
9197576303867
9197676303235
9197776304123
9197876301971
9197976301339
9198076303747
9198176304635
9198276302483
9198376301851
9198476305779
9198576305147
9198676302995
9198776302363
9198876303251
9198976304139
9199076303507
9199176301355
9199276303763
9199376304651
9199476304019
9199576301867
9199676304275
9199776303643
9199876301491
9199976303899
9200076303267
9200176304155
9200276302003
9200376302891
9200476302259
9200576303147
9200676304035
9200776303403
9200876304291
9200976303659
9201076304547
9201176303915
9201276303283
9201376304171
9201476302019
9201576302907
9201676303795
9201776301643
9201876302531
9201976303419
9202076304307
9202176303675
9202276304563
9202376303931
9202476303299
9202576304187
9202676303555
9202776302923
9202876302291
9202976303179
9203076302547
9203176301915
9203276302803
9203376302171
9203476304579
9203576303947
9203676301795
9203776304203
9203876302051
9203976304459
9204076302307
9204176303195
9204276302563
9204376301931
9204476302819
9204576303707
9204676303075
9204776303963
9204876303331
9204976302699
9205076302067
9205176302955
9205276303843
9205376304731
9205476302579
9205576303467
9205676304355
9205776303723
9205876303091
9205976303979
9206076304867
9206176302715
9206276303603
9206376304491
9206476303859
9206576303227
9206676304115
9206776301963
9206876304371
9206976303739
9207076306147
9207176303995
9207276303363
9207376304251
9207476303619
9207576306027
9207676303875
9207776304763
9207876302611
9207976303499
9208076304387
9208176303755
9208276304643
9208376304011
9208476303379
9208576304267
9208676303635
9208776306043
9208876302371
9208976304779
9209076302627
9209176305035
9209276302883
9209376305291
9209476306179
9209576304027
9209676303395
9209776305803
9209876305171
9209976304539
9210076303907
9210176304795
9210276304163
9210376305051
9210476304419
9210576303787
9210676304675
9210776305563
9210876303411
9210976302779
9211076303667
9211176303035
9211276303923
9211376304811
9211476304179
9211576303547
9211676304435
9211776306843
9211876304691
9211976302539
9212076304947
9212176302795
9212276303683
9212376306091
9212476303939
9212576304827
9212676304195
9212776303563
9212876304451
9212976305339
9213076303187
9213176304075
9213276303443
9213376304331
9213476305219
9213576303067
9213676305475
9213776304843
9213876304211
9213976305099
9214076304467
9214176305355
9214276304723
9214376302571
9214476303459
9214576302827
9214676306755
9214776303083
9214876305491
9214976303339
9215076302707
9215176303595
9215276302963
9215376305371
9215476304739
9215576305627
9215676304995
9215776302843
9215876303731
9215976303099
9216076303987
9216176303355
9216276302723
9216376303611
9216476302979
9216576303867
9216676304755
9216776304123
9216876303491
9216976304379
9217076305267
9217176303115
9217276305523
9217376304891
9217476305779
9217576305147
9217676304515
9217776305403
9217876303251
9217976305659
9218076305027
9218176304395
9218276305283
9218376304651
9218476307059
9218576304907
9218676305795
9218776305163
9218876303011
9218976306939
9219076304787
9219176305675
9219276303523
9219376304411
9219476305299
9219576303147
9219676305555
9219776306443
9219876308851
9219976305179
9220076304547
9220176303915
9220276306323
9220376305691
9220476306579
9220576305947
9220676305315
9220776303163
9220876307091
9220976304939
9221076305827
9221176303675
9221276304563
9221376305451
9221476303299
9221576305707
9221676305075
9221776304443
9221876306851
9221976304699
9222076305587
9222176304955
9222276305843
9222376305211
9222476306099
9222576303947
9222676303315
9222776305723
9222876303571
9222976305979
9223076303827
9223176304715
9223276304083
9223376303451
9223476305859
9223576303707
9223676306115
9223776303963
9223876304851
9223976305739
9224076303587
9224176304475
9224276306883
9224376306251
9224476304099
9224576304987
9224676305875
9224776306763
9224876304611
9224976305499
9225076306387
9225176304235
9225276306643
9225376304491
9225476305379
9225576306267
9225676304115
9225776305003
9225876304371
9225976303739
9226076306147
9226176305515
9226276304883
9226376305771
9226476303619
9226576306027
9226676305395
9226776306283
9226876305651
9226976308059
9227076307427
9227176305275
9227276306163
9227376307051
9227476306419
9227576305787
9227676305155
9227776306043
9227876305411
9227976306299
9228076305667
9228176306555
9228276302883
9228376303771
9228476303139
9228576300987
9228676306435
9228776301243
9228876302131
9228976301499
9229076300867
9229176301755
9229276302643
9229376302011
9229476301379
9229576300747
9229676306195
9229776301003
9229876301891
9229976302779
9230076302147
9230176301515
9230276302403
9230376301771
9230476301139
9230576306587
9230676305955
9230776303803
9230876301651
9230976302539
9231076301907
9231176304315
9231276303683
9231376301531
9231476305459
9231576304827
9231676305715
9231776306603
9231876302931
9231976302299
9232076303187
9232176301035
9232276303443
9232376301291
9232476302179
9232576301547
9232676302435
9232776301803
9232876301171
9232976302059
9233076302947
9233176302315
9233276303203
9233376301051
9233476301939
9233576301307
9233676306755
9233776301563
9233876302451
9233976301819
9234076301187
9234176302075
9234276302963
9234376305371
9234476301699
9234576302587
9234676306515
9234776301323
9234876302211
9234976301579
9235076302467
9235176301835
9235276302723
9235376302091
9235476301459
9235576302347
9235676301715
9235776302603
9235876301971
9235976301339
9236076302227
9236176301595
9236276304003
9236376301851
9236476302739
9236576302107
9236676301475
9236776302363
9236876301731
9236976302619
9237076301987
9237176301355
9237276303763
9237376301611
9237476302499
9237576301867
9237676302755
9237776302123
9237876301491
9237976303899
9238076303267
9238176302635
9238276303523
9238376302891
9238476302259
9238576301627
9238676302515
9238776301883
9238876302771
9238976302139
9239076303027
9239176302395
9239276306323
9239376307211
9239476305059
9239576302907
9239676302275
9239776306203
9239876302531
9239976301899
9240076302787
9240176306715
9240276307603
9240376306971
9240476306339
9240576307227
9240676306595
9240776302923
9240876302291
9240976301659
9241076302547
9241176306475
9241276304323
9241376306731
9241476303059
9241576302427
9241676301795
9241776302683
9241876302051
9241976302939
9242076302307
9242176304715
9242276304083
9242376306491
9242476302819
9242576303707
9242676303075
9242776302443
9242876301811
9242976302699
9243076302067
9243176302955
9243276303843
9243376303211
9243476302579
9243576301947
9243676302835
9243776302203
9243876303091
9243976302459
9244076303347
9244176302715
9244276303603
9244376302971
9244476302339
9244576303227
9244676302595
9244776306523
9244876302851
9244976302219
9245076303107
9245176308555
9245276304883
9245376307291
9245476302099
9245576302987
9245676303875
9245776303243
9245876302611
9245976303499
9246076302867
9246176306795
9246276304643
9246376302491
9246476303379
9246576307307
9246676308195
9246776303003
9246876302371
9246976303259
9247076302627
9247176308075
9247276304403
9247376303771
9247476307699
9247576307067
9247676307955
9247776307323
9247876308211
9247976307579
9248076303907
9248176307835
9248276304163
9248376303531
9248476302899
9248576302267
9248676304675
9248776302523
9248876303411
9248976302779
9249076303667
9249176309115
9249276306963
9249376303291
9249476302659
9249576303547
9249676302915
9249776309883
9249876303171
9249976302539
9250076303427
9250176302795
9250276308243
9250376303051
9250476302419
9250576303307
9250676302675
9250776306603
9250876302931
9250976303819
9251076303187
9251176302555
9251276309523
9251376302811
9251476303699
9251576303067
9251676303955
9251776304843
9251876302691
9251976303579
9252076302947
9252176303835
9252276307763
9252376302571
9252476303459
9252576302827
9252676303715
9252776304603
9252876303971
9252976303339
9253076302707
9253176303595
9253276307523
9253376303851
9253476304739
9253576304107
9253676303475
9253776304363
9253876303731
9253976303099
9254076303987
9254176303355
9254276307283
9254376305131
9254476302979
9254576303867
9254676303235
9254776307163
9254876308051
9254976304379
9255076303747
9255176303115
9255276310083
9255376307931
9255476304259
9255576303627
9255676302995
9255776305403
9255876303251
9255976304139
9256076303507
9256176302875
9256276308323
9256376307691
9256476304019
9256576303387
9256676304275
9256776305163
9256876303011
9256976303899
9257076307827
9257176308715
9257276308083
9257376304411
9257476303779
9257576303147
9257676304035
9257776304923
9257876304291
9257976306699
9258076310627
9258176303915
9258276307843
9258376304171
9258476303539
9258576304427
9258676303795
9258776306203
9258876308611
9258976307979
9259076308867
9259176308235
9259276309123
9259376303931
9259476304819
9259576304187
9259676303555
9259776305963
9259876308371
9259976303179
9260076304067
9260176303435
9260276310403
9260376308251
9260476306099
9260576303947
9260676303315
9260776304203
9260876305091
9260976304459
9261076303827
9261176304715
9261276305603
9261376308011
9261476304339
9261576303707
9261676304595
9261776303963
9261876304851
9261976304219
9262076303587
9262176304475
9262276305363
9262376309291
9262476304099
9262576303467
9262676304355
9262776303723
9262876306131
9262976303979
9263076306387
9263176304235
9263276305123
9263376310571
9263476303859
9263576306267
9263676304115
9263776303483
9263876305891
9263976303739
9264076304627
9264176305515
9264276306403
9264376310331
9264476308179
9264576307547
9264676303875
9264776304763
9264876304131
9264976311099
9265076304387
9265176308315
9265276306163
9265376308571
9265476309459
9265576304267
9265676303635
9265776304523
9265876303891
9265976306299
9266076304147
9266176305035
9266276305923
9266376309851
9266476310739
9266576304027
9266676304915
9266776304283
9266876305171
9266976306059
9267076303907
9267176304795
9267276305683
9267376308091
9267476308979
9267576305307
9267676304675
9267776304043
9267876304931
9267976307339
9268076305187
9268176304555
9268276305443
9268376304811
9268476308739
9268576305067
9268676304435
9268776305323
9268876306211
9268976305579
9269076304947
9269176304315
9269276306723
9269376304571
9269476310019
9269576304827
9269676304195
9269776305083
9269876304451
9269976309899
9270076304707
9270176304075
9270276306483
9270376304331
9270476309779
9270576306107
9270676305475
9270776304843
9270876304211
9270976306619
