450254375264
450354338152
450454339040
450554338408
450654337776
450754337144
450854336512
450954338920
451054338288
451154337656
451254338544
451354340952
451454340320
451554339688
451654339056
451754339944
451854339312
451954340200
452054339568
452154338936
452254338304
452354339192
452454337040
452554339448
452654338816
452754338184
452854337552
452954338440
453054339328
453154338696
453254339584
453354338952
453454338320
453554339208
453654338576
453754340984
453854338832
453954339720
454054339088
454154338456
454254337824
454354338712
454454339600
454554338968
454654338336
454754339224
454854337072
454954339480
455054338848
455154339736
455254340624
455354338472
455454339360
455554340248
455654339616
455754338984
455854339872
455954337720
456054338608
456154339496
456254338864
456354339752
456454339120
456554338488
456654339376
456754338744
456854339632
456954339000
457054339888
457154339256
457254338624
457354339512
457454337360
457554339768
457654339136
457754340024
457854340912
457954338760
458054339648
458154339016
458254341424
458354339272
458454338640
458554339528
458654338896
458754341304
458854340672
458954341560
459054337888
459154340296
459254341184
459354340552
459454339920
459554339288
459654340176
459754339544
459854338912
459954342840
460054339168
460154340056
460254340944
460354337272
460454339680
460554340568
460654339936
460754339304
460854340192
460954339560
461054338928
461154338296
461254339184
461354340072
461454339440
461554340328
461654339696
461754339064
461854341472
461954340840
462054340208
462154338056
462254340464
462354338312
462454339200
462554340088
462654339456
462754340344
462854339712
462954339080
463054341488
463154339336
463254340224
463354339592
463454343520
463554339848
463654340736
463754341624
463854339472
463954340360
464054339728
464154340616
464254341504
464354340872
464454340240
464554339608
464654342016
464754341384
464854340752
464954340120
465054339488
465154340376
465254339744
465354340632
465454340000
465554339368
465654340256
465754339624
465854340512
465954339880
466054337728
466154340136
466254339504
466354340392
466454339760
466554340648
466654340016
466754339384
466854340272
466954341160
467054342048
467154339896
467254340784
467354340152
467454339520
467554338888
467654339776
467754340664
467854341552
467954339400
468054340288
468154338136
468254342064
468354339912
468454340800
468554340168
468654339536
468754340424
468854339792
468954342200
469054340048
469154340936
469254340304
469354339672
469454340560
469554339928
469654342336
469754340184
469854339552
469954340440
470054339808
470154340696
470254340064
470354340952
470454340320
470554341208
470654342096
470754339944
470854340832
470954340200
471054341088
471154340456
471254339824
471354343752
471454340080
471554340968
471654338816
471754339704
471854342112
471954339960
472054339328
472154338696
472254342624
472354340472
472454339840
472554342248
472654340096
472754340984
472854338832
472954342760
473054339088
473154339976
473254342384
473354341752
473454341120
473554340488
473654339856
473754342264
473854341632
473954342520
474054340368
474154341256
474254339104
474354341512
474454340880
474554340248
474654341136
474754342024
474854341392
474954340760
475054338608
475154341016
475254338864
475354341272
475454340640
475554340008
475654339376
475754340264
475854341152
475954340520
476054341408
476154340776
476254340144
476354341032
476454340400
476554341288
476654342176
476754341544
476854342432
476954340280
477054341168
477154340536
477254341424
477354340792
477454341680
477554341048
477654340416
477754341304
477854342192
477954341560
478054340928
478154338776
478254341184
478354342072
478454342960
478554340808
478654343216
478754341064
478854340432
478954339800
479054339168
479154341576
479254340944
479354340312
479454341200
479554340568
479654341456
479754340824
479854341712
479954341080
480054340448
480154341336
480254340704
480354343112
480454340960
480554341848
480654341216
480754340584
480854342992
480954342360
481054341728
481154341096
481254340464
481354341352
481454340720
481554341608
481654340976
481754341864
481854341232
481954340600
482054341488
482154342376
482254341744
482354341112
482454342000
482554342888
482654340736
482754341624
482854342512
482954343400
483054342768
483154340616
483254341504
483354340872
483454344800
483554341128
483654342016
483754342904
483854340752
483954343160
484054341008
484154341896
484254341264
484354342152
484454341520
484554342408
484654341776
484754341144
484854342032
484954341400
485054342288
485154343176
485254341024
485354341912
485454341280
485554343688
485654341536
485754340904
485854340272
485954341160
486054342048
486154341416
486254340784
486354340152
486454342560
486554341928
486654342816
486754340664
486854343072
486954342440
487054341808
487154341176
487254343584
487354341432
487454342320
487554340168
487654341056
487754341944
487854342832
487954342200
488054341568
488154342456
488254341824
488354339672
488454343600
488554342968
488654343856
488754341704
488854341072
488954343480
489054342848
489154342216
489254341584
489354342472
489454341840
489554341208
489654342096
489754341464
489854342352
489954343240
490054342608
490154343496
490254342864
490354342232
490454341600
490554342488
490654340336
490754341224
490854342112
490954341480
491054342368
491154341736
491254344144
491354341992
491454341360
491554342248
491654340096
491754342504
491854341872
491954342760
492054343648
492154341496
492254342384
492354340232
492454344160
492554342008
492654341376
492754342264
492854341632
492954342520
493054343408
493154342776
493254342144
493354341512
493454342400
493554340248
493654342656
493754343544
493854342912
493954342280
494054343168
494154342536
494254341904
494354341272
494454342160
494554341528
494654345456
494754341784
494854342672
494954342040
495054342928
495154342296
495254341664
495354341032
495454341920
495554342808
495654342176
495754343064
495854342432
495954343320
496054342688
496154343576
496254342944
496354343832
496454343200
496554342568
496654341936
496754342824
496854343712
496954346120
497054343968
497154341816
497254344224
497354342072
497454342960
497554342328
497654343216
497754342584
497854341952
497954344360
498054342208
498154344616
498254342464
498354341832
498454342720
498554342088
498654342976
498754342344
498854343232
498954344120
499054341968
499154344376
499254340704
499354343112
499454342480
499554343368
499654342736
499754342104
499854344512
499954342360
500054343248
500154341096
500254340464
500354342872
500454343760
500554343128
500654344016
500754343384
500854338192
500954337560
501054343008
501154337816
501254338704
501354342632
501454338960
501554339848
501654337696
501754343144
501854342512
501954343400
502054341248
502154337576
502254338464
502354337832
502454338720
502554342648
502654338976
502754338344
502854337712
502954338600
503054342528
503154343416
503254338224
503354339112
503454340000
503554340888
503654338736
503754342664
503854338992
503954339880
504054342288
504154338616
504254337984
504354343432
504454338240
504554340648
504654338496
504754337864
504854338752
504954342680
505054343568
505154338376
505254339264
505354338632
505454338000
505554343448
505654338256
505754345224
505854338512
505954337880
506054343328
506154342696
506254340544
506354338392
506454339280
506554344728
506654342576
506754343464
506854344352
506954343720
507054343088
507154343976
507254343344
507354342712
507454342080
507554344488
507654343856
507754343224
507854344112
507954345000
508054342848
508154343736
508254343104
508354343992
508454344880
508554342728
508654342096
508754342984
508854343872
508954341720
509054344128
509154343496
509254342864
509354343752
509454343120
509554344008
509654343376
509754342744
509854343632
509954343000
510054343888
510154343256
510254344144
510354343512
510454342880
510554343768
510654344656
510754344024
510854343392
510954344280
511054343648
511154343016
511254345424
511354344792
511454344160
511554345048
511654342896
511754345304
511854343152
511954344040
512054344928
512154344296
512254345184
512354346072
512454342400
512554343288
512654342656
512754345064
512854344432
512954343800
513054344688
513154345576
513254344944
513354344312
513454343680
513554344568
513654343936
513754343304
513854344192
513954343560
514054344448
514154345336
514254343184
514354344072
514454343440
514554345848
514654343696
514754344584
514854345472
514954343320
515054345728
515154343576
515254344464
515354343832
515454343200
515554344088
515654343456
515754344344
515854343712
515954344600
516054343968
516154343336
516254345744
516354343592
516454342960
516554343848
516654344736
516754344104
516854341952
516954345880
517054343728
517154344616
517254343984
517354341832
517454342720
517554342088
517654342976
517754343864
517854346272
517954344120
518054343488
518154344376
518254343744
518354344632
518454344000
518554344888
518654342736
518754343624
518854344512
518954343880
519054344768
519154344136
519254343504
519354344392
519454345280
519554346168
519654342496
519754344904
519854344272
519954343640
520054346048
520154343896
520254344784
520354344152
520454343520
520554345928
520654343776
520754346184
520854344032
520954344920
521054344288
521154342136
521254344544
521354343912
521454344800
521554344168
521654343536
521754344424
521854343792
521954344680
522054344048
522154344936
522254344304
522354346712
522454344560
522554343928
522654344816
522754344184
522854345072
522954344440
523054343808
523154344696
523254345584
523354343432
523454344320
523554345208
523654344576
523754343944
523854344832
523954344200
524054345088
524154342936
524254345344
524354344712
524454344080
524554344968
524654345856
524754345224
524854349152
524954345480
525054346368
525154342696
525254345104
525354344472
525454345360
525554344728
525654344096
525754344984
525854345872
525954348280
526054343088
526154345496
526254343344
526354347272
526454345120
526554344488
526654343856
526754343224
526854344112
526954340440
527054342848
527154346776
527254340064
527354340952
527454340320
527554341208
527654340576
527754346024
527854340832
527954340200
528054345648
528154340456
528254339824
528354345272
528454340080
528554345528
528654340336
528754338184
528854340592
528954344520
529054348448
529154341736
529254341104
529354340472
529454339840
529554345288
529654340096
529754347064
529854340352
529954342760
530054346688
530154344536
530254340864
530354340232
530454341120
530554342008
530654339856
530754343784
530854340112
530954341000
531054346448
531154341256
531254340624
531354346072
531454345440
531554341768
531654341136
531754345064
531854345952
531954345320
532054344688
532154341016
532254340384
532354341272
532454340640
532554344568
532654348496
532754344824
532854347232
532954345080
533054345968
533154345336
533254343184
533354347112
533454344960
533554345848
533654343696
533754346104
533854345472
533954344840
534054347248
534154340536
534254341424
534354345352
534454344720
534554342568
534654340416
534754345864
534854340672
534954346120
535054343968
535154340296
535254341184
535354340552
535454341440
535554346888
535654341696
535754345624
535854340432
535954341320
536054345248
536154346136
536254345504
536354344872
536454345760
536554345128
536654346016
536754345384
536854346272
536954345640
537054345008
537154345896
537254346784
537354346152
537454347040
537554346408
537654345776
537754345144
537854346032
537954345400
538054346288
538154345656
538254346544
538354345912
538454345280
538554346168
538654345536
538754344904
538854348832
538954346680
539054346048
539154345416
539254346304
539354345672
539454348080
539554345928
539654345296
539754346184
539854347072
539954347960
540054345808
540154346696
540254346064
540354346952
540454344800
540554345688
540654348096
540754345944
540854346832
540954344680
541054345568
541154346456
541254345824
541354346712
541454346080
541554343928
541654346336
541754345704
541854346592
541954345960
542054345328
542154346216
542254345584
542354346472
542454345840
542554346728
542654346096
542754345464
542854346352
542954345720
543054348128
543154345976
543254346864
543354344712
543454345600
543554346488
543654345856
543754348264
543854346112
543954345480
544054346368
544154345736
544254346624
544354347512
544454346880
544554347768
544654345616
544754348024
544854345872
544954346760
545054346128
545154347016
545254346384
545354345752
545454346640
545554346008
545654348416
545754346264
545854345632
545954346520
546054345888
546154346776
546254344624
546354347032
546454347920
546554345768
546654346656
546754347544
546854346912
546954347800
547054345648
547154346536
547254347424
547354346792
547454346160
547554347048
547654346416
547754345784
547854346672
547954346040
548054346928
548154347816
548254347184
548354348072
548454345920
548554348328
548654349216
548754348584
548854346432
548954348840
549054346688
549154346056
549254348464
549354346312
549454347200
549554345048
549654345936
549754346824
549854346192
549954347080
550054346448
550154347336
