626635769359
626645729928
626655730017
626665733146
626675731715
626685730283
626695730372
626705731981
626715730550
626725729119
626735729207
626745729296
626755729385
626765729474
626775729563
626785729651
626795729740
626805729829
626815729918
626825730007
626835730095
626845730184
626855730273
626865730362
626875730451
626885730539
626895730628
626905730717
626915729286
626925729375
626935729463
626945729552
626955729641
626965729730
626975729819
626985729907
626995729996
627005730085
627015730174
627025730263
627035731871
627045730440
627055730529
627065730618
627075730707
627085730795
627095730884
627105729453
627115729542
627125729631
627135729719
627145729808
627155729897
627165729986
627175730075
627185730163
627195730252
627205730341
627215730430
627225730519
627235730607
627245730696
627255730785
627265730874
627275730963
627285731051
627295729620
627305729709
627315729798
627325729887
627335729975
627345730064
627355730153
627365730242
627375730331
627385730419
627395730508
627405730597
627415730686
627425730775
627435730863
627445730952
627455731041
627465731130
627475731219
627485729787
627495729876
627505729965
627515730054
627525730143
627535730231
627545730320
627555730409
627565730498
627575730587
627585730675
627595732284
627605730853
627615730942
627625731031
627635731119
627645731208
627655731297
627665731386
627675731475
627685730043
627695730132
627705730221
627715730310
627725730399
627735732007
627745730576
627755730665
627765730754
627775730843
627785730931
627795731020
627805731109
627815731198
627825731287
627835731375
627845731464
627855731553
627865730122
627875736291
627885736379
627895730388
627905730477
627915736646
627925736735
627935730743
627945735392
627955732441
627965731010
627975732619
627985731187
627995737356
628005740485
628015731454
628025739143
628035739231
628045740840
628055731809
628065737978
628075733507
628085738155
628095736724
628105736813
628115735382
628125732431
628135732519
628145734128
628155732697
628165731266
628175734395
628185732963
628195739132
628205739221
628215739310
628225739399
628235737967
628245736536
628255735105
628265733674
628275733763
628285732331
628295733940
628305732509
628315731078
628325734207
628335732775
628345734384
628355732953
628365737602
628375733131
628385734739
628395733308
628405734917
628415733486
628425733575
628435733663
628445733752
628455732321
628465733930
628475732499
628485734107
628495732676
628505734285
628515732854
628525734463
628535733031
628545733120
628555734729
628565733298
628575734907
628585738035
628595738124
628605733653
628615735262
628625732311
628635735439
628645732488
628655732577
628665734186
628675732755
628685732843
628695732932
628705734541
628715733110
628725733199
628735734807
628745734896
628755733465
628765733554
628775735163
628785733731
628795735340
628805733909
628815733998
628825732567
628835734175
628845732744
628855731313
628865737482
628875736051
628885736139
628895736228
628905734797
628915734886
628925739535
628935738103
628945738192
628955736761
628965738370
628975738459
628985732467
628995737116
629005731125
629015737294
629025731303
629035737471
629045737560
629055731569
629065737738
629075731747
629085736395
629095731924
629105736573
629115732102
629125738271
629135732279
629145738448
629155732457
629165737106
629175732635
629185738803
629195731292
629205738981
629215732990
629225733079
629235734687
629245733256
629255734865
629265733434
629275732003
629285735131
629295733700
629305735309
629315733878
629325732447
629335735575
629345734144
629355734233
629365735842
629375734411
629385734499
629395733068
629405731637
629415734766
629425733335
629435734943
629445733512
629455735121
629465733690
629475735299
629485735387
629495735476
629505735565
629515734134
629525734223
629535735831
629545735920
629555736009
629565736098
629575737707
629585734755
629595731804
629605733413
629615735022
629625735111
629635735199
629645733768
629655732337
629665735466
629675734035
629685734123
629695735732
629705734301
629715735910
629725732959
629735734567
629745736176
629755736265
629765733314
629775734923
629785735011
629795736620
629805733669
629815733758
629825736887
629835732415
629845734024
629855735633
629865734202
629875735811
629885734379
629895732948
629905736077
629915734646
629925736255
629935734823
629945736432
629955731961
629965735090
629975736699
629985738307
629995735356
630005732405
630015735534
630025737143
630035737231
630045738840
630055735889
630065734458
630075737587
630085740715
630095739284
630105736333
630115737942
630125738031
630135739639
630145732128
630155732217
630165738386
630175738475
630185732483
630195738652
630205732661
630215737310
630225732839
630235737487
630245733016
630255737665
630265733194
630275737843
630285733371
630295739540
630305736589
630315738198
630325733727
630335736855
630345732384
630355735513
630365732562
630375735691
630385732739
630395738908
630405732917
630415739086
630425733095
630435737743
630445733272
630455739441
630465733450
630475738099
630485733627
630495736756
630505735325
630515738454
630525732463
630535737111
630545732640
630555737289
630565732818
630575738987
630585732995
630595739164
630605733173
630615739342
630625733351
630635737999
630645733528
630655739697
630665735226
630675738355
630685733883
630695738532
630705734061
630715738710
630725732719
630735737367
630745732896
630755737545
630765733074
630775739243
630785736291
630795737900
630805733429
630815738078
630825733607
630835738255
630845733784
630855738433
630865733962
630875740131
630885734139
630895738788
630905732797
630915737446
630925732975
630935739143
630945733152
630955737801
630965733330
630975737979
630985733507
630995738156
631005733685
631015738334
631025733863
631035740031
631045740120
631055738689
631065734218
631075738867
631085734395
631095737524
631105733053
631115737702
631125733231
631135739399
631145733408
631155739577
631165733586
631175738235
631185738323
631195733852
631205738501
631215734030
631225738679
631235738767
631245734296
631255740465
631265737514
631275734563
631285737691
631295739300
631305733309
631315739478
631325739567
631335735095
631345739744
631355733753
631365738402
631375740011
631385740099
631395734108
631405738757
631415737326
631425738935
631435737503
631445739112
631455736161
631465739290
631475733299
631485737947
631495736516
631505741165
631515735174
631525739823
631535736871
631545740000
631555738569
631565734098
631575738747
631585735795
631595738924
631605735973
631615739102
631625734631
631635739279
631645736328
631655739457
631665734986
631675739635
631685735163
631695741332
631705736861
631715735430
631725733999
631735737127
631745735696
631755740345
631765738914
631775737483
631785740611
631795739180
631805737749
631815739358
631825737927
631835741055
631845735064
631855738193
631865735242
631875738371
631885735419
631895740068
631905735597
631915740246
631925734255
631935738903
631945737472
631955740601
631965737650
631975740779
631985736307
631995739436
632005738005
632015741134
632025735143
632035739791
632045739880
632055738449
632065735498
632075738627
632085734155
632095738804
632105737373
632115738982
632125736031
632135739159
632145736208
632155739337
632165736386
632175739515
632185736563
632195739692
632205738261
632215739870
632225736919
632235740047
632245734056
632255738705
632265737274
632275740403
632285735931
632295740580
632305736109
632315740758
632325736287
632335739415
632345741024
632355739593
632365739682
632375739771
632385741379
632395735388
632405740037
632415743166
632425734135
632435738783
632445738872
632455734401
632465739050
632475736099
632485734667
632495739316
632505739405
632515734934
632525741103
632535736631
632545735200
632555735289
632565739938
632575741547
632585740115
632595737164
632605740293
632615735822
632625738951
632635737519
632645740648
632655736177
632665740826
632675739395
632685736443
632695735012
632705741181
632715742790
632725738319
632735741447
632745735456
632755740105
632765735634
632775741803
632785738851
632795740460
632805735989
632815739118
632825736167
632835739295
632845736344
632855739473
632865741082
632875736611
632885736699
632895741348
632905736877
632915741526
632925737055
632935740183
632945735712
632955741881
632965738930
632975742059
632985740627
632995736156
633005739285
633015737854
633025736423
633035739551
633045742680
633055735169
633065741338
633075735347
633085741515
633095740084
633105735613
633115740262
633125735791
633135740439
633145735968
633155740617
633165736146
633175740795
633185739363
633195736412
633205739541
633215735070
633225739719
633235736767
633245739896
633255735425
633265740074
633275735603
633285741771
633295735780
633305741949
633315735958
633325740607
633335736135
633345740784
633355736313
633365740962
633375736491
633385739619
633395736668
633405739797
633415735326
633425739975
633435735503
633445740152
633455735681
633465740330
633475737379
633485740507
633495737556
633505742205
633515736214
633525740863
633535736391
633545741040
633555738089
633565741218
633575736747
633585742915
633595735404
633605741573
633615741662
633625735671
633635737279
633645735848
633655735937
633665742106
633675736115
633685736203
633695742372
633705736381
633715736470
633725742639
633735736647
633745736736
633755742905
633765735394
633775735483
633785741651
633795735660
633805735749
633815741918
633825737447
633835736015
633845740664
633855737713
633865736282
633875742451
633885736459
633895736548
633905741197
633915736726
633925736815
633935741463
633945735472
633955735561
633965740210
633975735739
633985735827
633995740476
634005736005
634015736094
634025740743
634035736271
634045742440
634055737969
634065742618
634075736627
634085736715
634095741364
634105736893
634115736982
634125741631
634135737159
634145735728
634155740377
634165735906
634175735995
634185740643
634195736172
634205736261
634215743950
634225736439
634235736527
634245741176
634255736705
634265736794
634275742963
634285736971
634295737060
634305741709
634315737238
634325735807
634335743495
634345737504
634355742153
634365736162
634375742331
634385737859
634395740988
634405736517
634415741166
634425736695
634435742863
634445738392
634455743041
634465741610
634475737139
634485737227
634495740356
634505738925
634515739014
634525736063
634535742231
634545736240
634555743929
634565736418
634575742587
634585736595
634595744284
634605742853
634615744462
634625747591
634635741599
634645744728
634655738737
634665741866
634675737395
634685742043
634695739092
634705740701
634715736230
634725740879
634735736407
634745741056
634755738105
634765741234
634775736763
634785742931
634795738460
634805743109
634815737118
634825741767
634835737295
634845743464
634855737473
634865742122
634875737651
634885743819
634895736308
634905742477
634915736486
634925742655
634935736663
634945741312
634955736841
634965739970
634975737019
634985743187
634995737196
635005743365
635015738894
635025742023
635035737551
635045743720
635055737729
635065743898
635075739427
635085742555
635095736564
635105742733
635115736742
635125741391
635135736919
635145741568
635155737097
635165741746
635175738795
635185743443
635195737452
635205742101
635215737630
635225742279
635235737807
635245742456
635255737985
635265742634
635275736643
635285741291
635295736820
635305742989
635315736998
635325741647
635335738695
635345743344
635355737353
635365742002
635375737531
635385743699
635395737708
635405743877
635415737886
635425742535
635435738063
635445744232
635455738241
635465742890
635475736899
635485741547
635495738596
635505741725
635515738774
635525741903
635535737431
635545742080
635555737609
635565742258
635575737787
635585743955
635595737964
635605742613
635615738142
635625744311
635635739839
635645742968
635655736977
635665741626
635675737155
635685741803
635695737332
635705741981
635715737510
635725742159
635735737687
635745743856
635755737865
635765742514
635775738043
635785742691
635795738220
635805744389
635815738398
635825743047
635835738575
635845743224
635855737233
635865741882
635875737411
635885742059
635895737588
635905742237
635915737766
635925743935
635935739463
635945742592
635955738121
635965742770
635975738299
635985742947
635995738476
636005743125
636015738654
636025744823
636035737311
636045745000
636055745089
636065737578
636075742227
636085737755
636095745444
636105737933
636115744102
636125738111
636135744279
636145745888
636155739897
636165743026
636175738555
636185744723
636195738732
636205746421
636215738910
636225743559
636235737567
636245742216
636255737745
636265743914
636275737923
636285742571
636295739620
636305744269
636315742838
636325745967
636335738455
636345743104
636355738633
636365744802
636375738811
636385744979
636395738988
636405745157
636415737646
636425743815
636435737823
636445743992
636455738001
636465744170
636475738179
636485744347
636495738356
636505743005
636515738534
636525743183
636535738711
636545744880
636555738889
636565743538
636575739067
636585743715
636595740764
636605743893
636615737902
636625742551
