-2142602647
-2142601655
-2142600657
-2142599656
-2142598654
-2142597656
-2142596657
-2142595656
-2142594655
-2142593656
-2142592657
-2142591657
-2142590657
-2142586499
-2142584776
-2142584653
-2142583657
-2142582656
-2142581656
-2142580657
-2142579656
-2142578656
-2142577657
-2142576657
-2142570626
-2142569650
-2142568657
-2142567657
-2142566656
-2142565648
-2142564657
-2142563657
-2142562657
-2142561657
-2142560653
-2142559657
-2142558657
-2142557657
-2142556657
-2142555657
-2142554653
-2142553656
-2142552657
-2142551657
-2142550657
-2142549657
-2142548657
-2142547656
-2142546657
-2142545652
-2142544656
-2142543656
-2142542656
-2142541657
-2142540657
-2142539657
-2142538657
-2142537657
-2142536656
-2142535651
-2142534656
-2142533656
-2142532657
-2142531657
-2142530657
-2142529657
-2142528657
-2142527657
-2142526655
-2142525657
-2142524657
-2142523657
-2142522657
-2142521657
-2142520657
-2142519657
-2142518657
-2142517424
-2142516656
-2142515657
-2142514657
-2142513657
-2142512657
-2142511657
-2142510657
-2142509657
-2142508657
-2142507655
-2142506656
-2142505656
-2142504657
-2142503657
-2142502657
-2142501657
-2142500657
-2142499657
-2142498654
-2142497656
-2142496657
-2142495656
-2142494656
-2142493656
-2142492657
-2142491657
-2142490657
-2142488940
-2142488654
-2142487657
-2142486656
-2142485657
-2142484657
-2142483657
-2142482657
-2142481657
-2142480657
-2142479655
-2142478657
-2142477657
-2142476657
-2142475657
-2142474657
-2142473657
-2142472657
-2142471657
-2142470518
-2142469656
-2142468657
-2142467657
-2142466657
-2142465657
-2142464657
-2142463657
-2142462657
-2142461653
-2142460656
-2142459657
-2142458656
-2142457657
-2142456657
-2142455657
-2142454657
-2142453657
-2142452654
-2142451656
-2142450657
-2142449657
-2142448657
-2142447657
-2142446657
-2142445657
-2142444657
-2142443653
-2142442657
-2142441657
-2142440657
-2142439657
-2142438657
-2142437657
-2142436657
-2142435655
-2142434656
-2142433656
-2142432657
-2142431657
-2142430657
-2142429657
-2142428657
-2142427656
-2142426654
-2142425657
-2142424657
-2142423657
-2142422657
-2142421656
-2142420657
-2142419657
-2142418656
-2142417082
-2142416654
-2142415656
-2142399379
-2142381993
-2142367391
-2142350098
-2142335400
-2142318046
-2142303450
-2142287397
-2142269440
-2142255391
-2142238050
-2142223388
-2142206029
-2142191398
-2142179377
-2142178145
-2142163391
-2142150047
-2142148734
-2142148581
-2142147550
-2142146592
-2142144497
-2142143624
-2142126223
-2142125635
-2142109839
-2142095391
-2142080074
-2142078653
-2142063380
-2142046099
-2142031392
-2142014106
-2141999400
-2141982094
-2141967392
-2141950069
-2141935394
-2141918074
-2141903390
-2141886139
-2141871389
-2141854130
-2141839390
-2141822099
-2141807396
-2141790053
-2141775392
-2141758051
-2141743392
-2141726150
-2141709286
-2141694010
-2141682172
-2141670361
-2141658316
-2141646368
-2141634320
-2141623382
-2141610270
-2141599444
-2141587433
-2141575436
-2141563452
-2141551438
-2141539443
-2141527451
-2141515442
-2141503445
-2141491451
-2141478472
-2141467446
-2141455448
-2141431443
-2141419442
-2141407451
-2141395443
-2141383451
-2141371442
-2141359444
-2141343452
-2141327974
-2141303437
-2141291451
-2141283440
-2141271452
-2141259444
-2141247445
-2141239445
-2141227443
-2141215441
-2141207444
-2141195452
-2141183443
-2141171421
-2141159446
-2141145922
-2141145649
-2141135442
-2141134634
-2141133575
-2141131676
-2141131649
-2141119442
-2141107419
-2141095437
-2141083441
-2141071234
-2141063440
-2141051445
-2141039444
-2141027451
-2140999442
-2140987451
-2140979437
-2140967451
-2140955433
-2140943435
-2140931449
-2140923443
-2140911441
-2140899443
-2140891444
-2140879430
-2140859404
-2140858626
-2140847449
-2140835392
-2140811441
-2140795445
-2140779450
-2140763435
-2140747387
-2140731439
-2140715450
-2140699441
-2140683451
-2140667445
-2140651449
-2140635443
-2140619450
-2140603443
-2140595447
-2140583444
-2140567449
-2140551445
-2140535450
-2140519275
-2140503450
-2140487437
-2140471451
-2140462462
-2140447384
-2140430072
-2140415389
-2140398069
-2140383391
-2140366050
-2140351397
-2140334131
-2140319382
-2140302175
-2140287391
-2140270134
-2140259134
-2140246448
-2140235393
-2140223884
-2140222798
-2140207391
-2140190083
-2140175389
-2140158088
-2140147525
-2140135865
-2140134769
-2140119394
-2140107357
-2140089986
-2140067411
-2140055764
-2140043354
-2140027397
-2140003450
-2139979450
-2139955450
-2139931451
-2139907450
-2139883449
-2139859449
-2139835450
-2139811450
-2139775439
-2139759450
-2139743411
-2139727448
-2139711436
-2139695450
-2139679441
-2139663450
-2139650955
-2139631326
-2139615449
-2139583439
-2139571451
-2139555435
-2139539450
-2139523439
-2139507449
-2139491437
-2139477978
-2139463437
-2139447449
-2139431440
-2139415449
-2139399439
-2139383450
-2139367435
-2139351451
-2139335442
-2139319451
-2139303443
-2139287451
-2139271442
-2139255450
-2139239442
-2139223450
-2139207442
-2139191450
-2139175440
-2139159450
-2139148398
-2139139447
-2139127442
-2139115288
-2139099440
-2139087362
-2139075809
-2139046495
-2139035431
-2139019450
-2139007388
-2138991432
-2138979426
-2138963450
-2138951831
-2138939410
-2138923452
-2138907441
-2138891449
-2138875440
-2138859451
-2138843439
-2138827450
-2138811439
-2138795451
-2138779440
-2138763450
-2138747440
-2138731450
-2138715440
-2138699450
-2138697053
-2138683446
-2138667590
-2138651447
-2138635446
-2138619444
-2138603451
-2138595443
-2138579452
-2138567432
-2138551443
-2138535445
-2138519438
-2138503450
-2138487433
-2138471450
-2138442828
-2138435467
-2138433645
-2138403442
-2138387450
-2138371443
-2138355451
-2138339445
-2138323450
-2138307442
-2138291450
-2138275444
-2138259450
-2138247391
-2138235376
-2138221796
-2138211388
-2138198405
-2138187387
-2138174404
-2138163388
-2138161882
-2138149849
-2138149092
-2138139002
-2138126431
-2138115390
-2138103386
-2138090070
-2138079401
-2138066402
-2138055396
-2138042398
-2138031399
-2138018378
-2138007398
-2137994392
-2137983400
-2137959397
-2137935371
-2137911396
-2137887370
-2137863399
-2137839369
-2137826303
-2137815380
-2137791369
-2137778296
-2137767399
-2137743359
-2137730370
-2137719395
-2137695373
-2137682310
-2137671398
-2137647375
-2137634316
-2137623400
-2137599430
-2137598647
-2137575392
-2137563448
-2137551439
-2137539439
-2137527451
-2137515438
-2137503439
-2137491451
-2137479434
-2137467438
-2137455451
-2137443438
-2137431438
-2137419451
-2137407439
-2137395440
-2137383452
-2137371440
-2137359436
-2137335435
-2137323438
-2137311442
-2137299452
-2137287439
-2137275441
-2137263451
-2137251440
-2137239438
-2137227448
-2137215437
-2137203441
-2137191451
-2137179439
-2137167442
-2137155451
-2137146579
-2137135436
-2137124220
-2137115448
-2137095410
-2137083442
-2137071390
-2137059439
-2137047442
-2137035451
-2137023437
-2137011442
-2136999451
-2136987439
-2136975444
-2136963452
-2136951440
-2136939442
-2136925420
-2136911436
-2136899434
-2136887451
-2136875438
-2136863441
-2136851451
-2136839439
-2136827444
-2136815452
-2136803439
-2136791445
-2136779452
-2136767439
-2136755443
-2136743452
-2136731439
-2136719444
-2136707452
-2136695445
-2136683438
-2136671452
-2136647438
-2136635452
-2136623439
-2136611442
-2136599415
-2136587449
-2136575439
-2136563445
-2136551445
-2136539440
-2136527452
-2136515444
-2136501984
-2136491451
-2136479442
-2136467439
-2136455451
-2136443439
-2136431443
-2136419452
-2136407444
-2136395440
-2136383452
-2136371445
-2136359441
-2136347452
-2136335436
-2136320583
-2136307446
-2136295444
-2136283442
-2136271453
-2136259448
-2136247443
-2136235453
-2136223447
-2136211440
-2136199451
-2136187446
-2136175438
-2136163452
-2136147432
-2136131449
-2136119442
-2136103446
-2136091405
-2136075450
-2136059444
-2136043451
-2136027438
-2136011451
-2135995442
-2135979449
-2135963441
-2135947450
-2135931443
-2135915451
-2135899441
-2135883451
-2135867444
-2135851450
-2135835444
-2135819449
-2135803442
-2135787451
-2135771445
-2135755450
-2135739443
-2135723451
-2135707442
-2135691450
-2135675441
-2135659451
-2135643009
-2135627451
-2135611435
-2135599444
-2135583450
-2135571516
-2135563449
-2135557385
-2135539387
-2135527440
-2135499439
-2135478688
-2135478655
-2135467441
-2135455356
-2135443419
-2135442327
-2135431439
-2135418908
-2135403365
-2135382708
-2135371377
-2135358891
-2135343377
-2135322708
-2135311435
-2135299360
-2135287419
-2135286323
-2135275441
-2135262903
-2135247365
-2135233924
-2135233156
-2135219440
-2135206794
-2135191380
-2135183443
-2135170716
-2135159384
-2135146897
-2135145854
-2135139378
-2135115379
-2135095421
-2135082398
-2135071431
-2135050908
-2135039335
-2135027216
-2135019389
-2135007409
-2134995433
-2134983441
-2134971450
-2134963435
-2134951439
-2134939437
-2134931446
-2134919441
-2134907451
-2134899433
-2134887427
-2134867439
-2134855451
-2134843437
-2134831420
-2134819450
-2134807440
-2134795440
-2134783421
-2134775430
-2134763448
-2134751428
-2134731436
-2134719449
-2134707439
-2134695451
-2134687431
-2134675442
-2134663439
-2134643451
-2134631439
-2134619438
-2134611436
-2134599443
-2134587426
-2134575440
-2134563451
-2134555438
-2134543442
-2134531437
-2134523445
-2134511441
-2134499450
-2134491433
-2134479441
-2134467438
-2134459449
-2134447452
-2134435440
-2134423439
-2134415441
-2134403419
-2134391424
-2134371445
-2134359442
-2134347438
-2134339433
-2134327436
-2134315449
-2134303435
-2134291437
-2134271447
-2134259438
-2134247439
-2134239439
-2134227350
-2134215437
-2134203436
-2134191449
-2134183425
-2134171440
-2134159436
-2134151442
-2134139442
-2134127424
-2134115438
-2134103441
-2134091423
-2134079434
-2134067441
-2134055421
-2134043438
-2134031438
-2134019448
-2134011375
-2133999424
-2133979441
-2133967450
-2133955429
-2133935447
-2133923439
-2133911440
-2133899438
-2133891443
-2133879441
-2133867449
-2133859435
-2133847442
-2133835440
-2133827444
-2133815435
-2133803420
-2133791440
-2133779441
-2133767449
-2133759440
-2133747441
-2133735439
-2133727448
-2133715451
-2133703430
-2133692023
-2133679404
-2133663442
-2133643448
-2133619430
-2133611439
-2133599440
-2133583448
-2133567432
-2133551444
-2133539408
-2133531342
-2133517939
-2133503407
-2133487433
-2133471397
-2133455432
-2133443406
-2133442655
-2133427441
-2133403445
-2133387437
-2133371441
-2133359420
-2133343443
-2133327435
-2133287439
-2133271440
-2133263413
-2133247451
-2133231440
-2133215406
-2133199442
-2133171430
-2133159402
-2133143450
-2133127438
-2133111437
-2133099415
-2133083450
-2133067436
-2133051437
-2133043382
-2133027449
-2133011428
-2132987449
-2132971427
-2132959412
-2132927444
-2132911437
-2132895405
-2132879446
-2132863442
-2132855443
-2132831447
-2132815441
-2132807439
-2132783448
-2132767431
-2132755393
-2132727445
-2132724383
-2132721169
-2132720465
-2132719498
-2132715445
-2132703953
-2132689309
-2132675507
-2132663435
-2132651404
-2132643433
-2132619434
-2132607295
-2132587391
-2132575420
-2132563340
-2132547439
-2132535448
-2132527440
-2132515400
-2132499436
-2132487447
-2132479421
-2132467404
-2132451424
-2132431399
-2132415425
-2132395447
-2132379427
-2132367406
-2132343448
-2132327425
-2132303448
-2132287437
-2132279442
-2132255448
-2132239439
-2132223430
-2132211405
-2132195448
-2132179439
-2132163438
-2132155394
-2132139447
-2132127438
-2132114783
-2132107373
-2132095350
-2132083421
-2132082389
-2132071437
-2132058837
-2132043366
-2132022613
-2132011425
-2131998827
-2131983366
-2131962581
-2131951436
-2131939353
-2131927421
-2131926207
-2131915438
-2131902836
-2131887369
-2131866618
-2131855437
-2131842796
-2131827372
-2131806545
-2131795436
-2131783307
-2131775408
-2131762190
-2131751439
-2131738859
-2131723371
-2131715445
-2131703348
-2131691422
-2131690024
-2131679425
-2131666861
-2131651344
-2131630678
-2131630647
-2131619437
-2131606653
-2131591377
-2131579587
-2131573424
-2131563424
-2131551432
-2131549838
-2131535810
-2131535112
-2131523872
-2131515117
-2131503441
-2131487858
-2131456508
-2131439888
-2131426709
-2131414674
-2131414640
-2131403417
-2131374723
-2131359405
-2131346405
