1779569408
1779659850
1779763926
1779857384
1779959849
1780061200
1780165190
1780269189
1780359850
1780459852
1780556735
1780659855
1780767851
1780856729
1780963854
1781059855
1781167854
1781256730
1781363855
1781463852
1781559856
1781667850
1781759851
1781875881
1781959852
1782062153
1782176871
1782269077
1782367856
1782460272
1782563850
1782659850
1782767858
1782863862
1782959857
1783064153
1783167855
1783259857
1783356731
1783459858
1783579857
1783659853
1783759850
1783871855
1783959851
1784071875
1784159847
1784259849
1784356727
1784459849
1784556729
1784663860
1784763858
1784863850
1784967849
1785067861
1785167861
1785267850
1785383851
1785463860
1785571400
1785671936
1785759849
1785869295
1785959851
1786069206
1786164767
1786256730
1786367854
1786459849
1786556738
1786656730
1786763852
1786859864
1786963861
1787059858
1787171858
1787263850
1787356737
1787456736
1787567860
1787671854
1787765537
1787859911
1787967889
1788065569
1788159932
1788271887
1788356728
1788463929
1788564768
1788659857
1788771853
1788887893
1788956756
1789056730
1789159854
1789259864
1789363875
1789459952
1789557202
1789669290
1789763909
1789857434
1789960013
1790063942
1790163878
1790259856
1790356735
1790456738
1790556734
1790656786
1790772076
1790867895
1790971905
1791067858
1791171870
1791257903
1791361459
1791467879
1791571871
1791657249
1791763858
1791867858
1791968174
1792063870
1792171856
1792259857
1792359862
1792463852
1792559858
1792656731
1792763864
1792868083
1792963872
1793063929
1793161286
1793271852
1793367883
1793463865
1793567896
1793659853
1793771857
1793867877
1793967409
1794079852
1794163857
1794263868
1794383856
1794459856
1794571863
1794667858
1794771856
1794859850
1794959854
1795056742
1795159860
1795259856
1795367887
1795456732
1795571852
1795667881
1795759851
1795871852
1795971869
1796067868
1796167853
1796267881
1796359862
1796471851
1796559856
1796671902
1796763855
1796867852
1796979861
1797067858
1797163851
1797271862
1797363921
1797456734
1797563850
1797675859
1797768184
1797863918
1797967882
1798067883
1798163872
1798259852
1798367911
1798459862
1798563858
1798663859
1798759853
1798859852
1798985833
1799079852
1799159861
1799267909
1799356734
1799459862
1799559860
1799656735
1799767851
1799859873
1799956806
1800059853
1800167851
1800267939
1800367880
1800459862
1800563864
1800667861
1800756731
1800859891
1800959858
1801083861
1801167850
1801256730
1801379858
1801464533
1801571863
1801656729
1801763876
1801856731
1801956728
1802063859
1802163851
1802283856
1802356740
1802463856
1802567863
1802663873
1802759848
1802863849
1802959858
1803059853
1803157327
1803259857
1803364612
1803456729
1803557112
1803659858
1803759863
1803867857
1803959858
1804056733
1804159849
1804283848
1804363849
1804459850
1804559851
1804659849
1804759847
1804859851
1804959851
1805075852
1805159851
1805256729
1805359854
1805463857
1805563851
1805664839
1805763874
1805859850
1805956734
1806059850
1806163862
1806263849
1806383851
1806463861
1806563854
1806667858
1806763851
1806871859
1806956731
1807059860
1807159851
1807256735
1807363850
1807463857
1807563849
1807667859
1807759850
1807867857
1807959858
1808067850
1808171859
1808271850
1808359850
1808467866
1808567849
1808663858
1808763856
1808867849
1808967867
1809067851
1809167854
1809267852
1809363856
1809463849
1809567853
1809679851
1809779858
1809859859
1809963856
1810059858
1810167855
1810259856
1810367862
1810459863
1810559850
1810663863
1810759855
1810867861
1810959868
1811067862
1811172990
1811275898
1811357349
1811463934
1811559850
1811669120
1811759864
1811871934
1811959929
1812067860
1812159877
1812267851
1812356728
1812459856
1812567868
1812659861
1812767857
1812867851
1812959858
1813067857
1813159856
1813267862
1813359860
1813459850
1813563862
1813667855
1813759856
1813859860
1813967855
1814059857
1814156796
1814259851
1814356736
1814461166
1814557335
1814659863
1814756800
1814867856
1814959856
1815067861
1815159859
1815267854
1815379862
1815467860
1815559861
1815663848
1815759849
1815859851
1815959861
1816063849
1816159861
1816259861
1816357339
1816463897
1816559864
1816659934
1816767850
1816874129
1816958439
1817067850
1817159862
1817274178
1817368251
1817463864
1817567850
1817659851
1817766121
1817874824
1817959853
1818056739
1818159850
1818259856
1818359849
1818459849
1818557328
1818663850
1818767857
1818883856
1818963869
1819067859
1819159856
1819267859
1819359855
1819459868
1819567850
1819659850
1819763855
1819856733
1819959857
1820063850
1820159850
1820259859
1820367863
1820459850
1820559933
1820671892
1820763896
1820879923
1820956730
1821063856
1821167850
1821259850
1821367868
1821456734
1821559851
1821659861
1821756738
1821867866
1821967850
1822059861
1822159851
1822259860
1822363860
1822471849
1822571861
1822663850
1822759865
1822867880
1822967861
1823067850
1823167863
1823263864
1823367856
1823467863
1823567861
1823667849
1823783852
1823859864
1823959862
1824059858
1824163860
1824263849
1824367871
1824464773
1824563860
1824663849
1824767861
1824871851
1824971850
1825068750
1825159851
1825267863
1825359860
1825463849
1825559850
1825668679
1825759862
1825859856
1825967849
1826059851
1826167867
1826265498
1826357340
1826463926
1826575911
1826659856
1826756731
1826867858
1826967857
1827059854
1827156730
1827259850
1827367856
1827459851
1827559867
1827659859
1827763858
1827867850
1827967858
1828059856
1828159856
1828267856
1828357325
1828461199
1828557433
1828663902
1828767858
1828867850
1828959857
1829067849
1829159851
1829267857
1829379859
1829456728
1829559852
1829659856
1829763850
1829867858
1829967855
1830059855
1830163854
1830259853
1830379860
1830467860
1830556738
1830665185
1830757197
1830859858
1830959857
1831067855
1831159858
1831267851
1831359850
1831459858
1831567859
1831659855
1831767849
1831859855
1831959858
1832067861
1832156727
1832259867
1832356734
1832471859
1832579859
1832667911
1832759859
1832871858
1832967857
1833059856
1833159860
1833263853
1833359859
1833459859
1833563852
1833659851
1833759852
1833863860
1833971851
1834071872
1834159858
1834259858
1834359859
1834467886
1834559861
1834667865
1834759852
1834856732
1834959857
1835059859
1835167851
1835259868
1835364132
1835463855
1835567850
1835667880
1835767880
1835859863
1835957269
1836065358
1836171873
1836263875
1836359866
1836459855
1836568828
1836671859
1836763857
1836863858
1836963865
1837067855
1837159854
1837263942
1837359921
1837457360
1837563986
1837659946
1837757240
1837867906
1837959944
1838059937
1838167872
1838287861
1838368241
1838459853
1838567863
1838679861
1838767887
1838863980
1838967890
1839087866
1839163904
1839259854
1839367869
1839464026
1839556734
1839663924
1839761404
1839871933
1839956734
1840083865
1840159861
1840279857
1840367867
1840471861
1840559855
1840659864
1840775856
1840856738
1840967862
1841063859
1841163853
1841259861
1841391860
1841459851
1841567882
1841659862
1841771852
1841867852
1841971857
1842059862
1842171856
1842259882
1842367863
1842459862
1842556736
1842663878
1842759865
1842871912
1842956731
1843059860
1843191861
1843271854
1843375856
1843463860
1843567862
1843667850
1843759866
1843867852
1843967856
1844059856
1844163849
1844275850
1844359852
1844471850
1844571851
1844663862
1844765160
1844861219
1844959850
1845065179
1845159849
1845265705
1845359857
1845459856
1845567850
1845667858
1845759856
1845859858
1845967849
1846059849
1846167856
1846259858
1846367856
1846459851
1846567858
1846659855
1846767855
1846859856
1846963850
1847059851
1847167856
1847259855
1847367863
1847471850
1847557301
1847663895
1847759855
1847867850
1847967855
1848059856
1848159851
1848267855
1848359859
1848459857
1848567858
1848659857
1848759856
1848867855
1848959862
1849067859
1849159857
1849267850
1849367857
1849459856
1849563893
1849659862
1849779893
1849871932
1849957365
1850063897
1850159850
1850279897
1850359862
1850459879
1850559861
1850667859
1850759861
1850867850
1850959860
1851067856
1851159859
1851267860
1851359860
1851463851
1851559851
1851667860
1851767849
1851859850
1851959854
1852067850
1852159862
1852267861
1852359861
1852459849
1852568121
1852657650
1852775899
1852861351
1852971860
1853063856
1853159861
1853267852
1853359850
1853459856
1853559860
1853667859
1853759858
1853867857
1853967859
1854059856
1854159850
1854267861
1854359859
1854463851
1854565161
1854659850
1854771325
1854863509
1854978253
1855059858
1855178163
1855259859
1855367860
1855466186
1855556741
1855667849
1855767861
1855857022
1855959860
1856059864
1856157348
1856263899
1856359862
1856459898
1856559856
1856667850
1856759851
1856883448
1856956746
1857059856
1857159849
1857259855
1857367866
1857467855
1857571851
1857663855
1857763866
1857863855
1857956922
1858069371
1858164218
1858256993
1858359850
1858459850
1858567871
1858659856
1858763848
1858867858
1858959858
1859067850
1859159851
1859267857
1859359855
1859463856
1859567855
1859659857
1859759849
1859867855
1859959856
1860059304
1860169266
1860271895
1860367872
1860457268
1860563858
1860659855
1860763850
1860859853
1860956729
1861059853
1861156736
1861259850
1861363855
1861467856
1861563857
1861663851
1861767855
1861867849
1861971850
1862063849
1862163849
1862267859
1862383856
1862467850
1862567860
1862667849
1862767864
1862868276
1862956732
1863059865
1863163859
1863275859
1863367869
1863467908
1863559852
1863659852
1863763860
1863871849
1863971890
1864056729
1864183856
1864267857
1864379369
1864475394
1864563374
1864659353
1864759361
1864856735
1864967396
1865056735
1865163371
1865267382
1865371387
1865463360
1865567388
1865671387
1865763356
1865856727
1865956728
1866056728
1866179376
1866275380
1866383380
1866471865
1866567862
1866663855
1866771858
1866859853
1866956728
1867083857
1867167855
1867271855
1867367854
1867459857
1867567857
1867659857
1867759857
1867863854
1867959850
1868063859
1868167860
1868256730
1868363860
1868459860
1868563880
1868659854
1868763850
1868863850
1868963862
1869059848
1869159860
1869259861
1869379856
1869459860
1869567859
1869662670
1869783852
1869867860
1870003854
1870056729
1870171861
1870283858
1870356731
1870491870
1870563852
1870656732
1870759871
1870875862
1870967863
1871067859
1871167850
1871267858
1871367857
1871467909
1871556729
1871667905
1871759892
1871864871
1871956729
1872068700
1872159850
1872267850
1872367872
1872459859
1872567850
1872659850
1872791860
1872867850
1872959853
1873067859
1873159859
1873259849
1873367863
1873457490
1873573059
1873665303
1873759857
1873867858
1873972391
1874063850
1874167854
1874259857
1874359857
1874463849
1874559868
1874667857
1874779971
1874871850
1874956736
1875056754
1875156731
1875259857
1875359851
1875467851
1875559850
1875669266
1875771900
1875864397
1875965201
1876067860
1876159856
1876267862
1876363858
1876467857
1876568290
1876667855
1876767849
1876856729
1876959854
1877059520
1877159853
1877259859
1877363850
1877467858
1877560273
1877664132
1877759862
1877864071
1877956739
1878071922
1878163884
1878268110
1878356732
1878463894
1878576021
1878659854
1878763863
1878856733
1878967932
1879065363
1879164744
1879267854
1879359861
1879456727
