691170636310
691171598471
691172600152
691173601833
691174601994
691175600635
691176600795
691177602476
691178602637
691179605838
691180602959
691181601600
691182601761
691183603442
691184600562
691185600723
691186602404
691187605605
691188599686
691189596807
691190600008
691191600169
691192597289
691193597450
691194596091
691195596252
691196596413
691197596574
691198596735
691199596896
691200597057
691201598737
691202597378
691203597539
691204596180
691205596341
691206596502
691207596663
691208596824
691209596984
691210597145
691211597306
691212600507
691213599148
691214596269
691215596430
691216596591
691217596751
691218596912
691219597073
691220597234
691221597395
691222596036
691223600757
691224597878
691225596519
691226596679
691227596840
691228597001
691229597162
691230597323
691231597484
691232596125
691233596286
691234599486
691235598127
691236596768
691237596929
691238597090
691239597251
691240597412
691241596053
691242596213
691243596374
691244598055
691245598216
691246596857
691247597018
691248597179
691249597340
691250597501
691251596141
691252596302
691253596463
691254596624
691255599825
691256599986
691257598627
691258597268
691259597428
691260596069
691261596230
691262596391
691263596552
691264596713
691265596874
691266598555
691267598715
691268597356
691269597517
691270596158
691271596319
691272596480
691273596641
691274596802
691275596963
691276597123
691277600324
691278600485
691279597606
691280596247
691281596408
691282596569
691283596730
691284596890
691285597051
691286597212
691287597373
691288599054
691289597695
691290596336
691291596497
691292596657
691293596818
691294596979
691295597140
691296597301
691297597462
691298596103
691299599304
691300597945
691301596585
691302596746
691303596907
691304597068
691305597229
691306597390
691307597551
691308596192
691309596352
691310598033
691311596674
691312596835
691313596996
691314597157
691315597318
691316597479
691317596119
691318596280
691319596441
691320598122
691321596763
691322596924
691323597085
691324597246
691325597407
691326597567
691327596208
691328596369
691329596530
691330596691
691331598372
691332597013
691333597174
691334597334
691335597495
691336596136
691337596297
691338596458
691339596619
691340596780
691341596941
691342600141
691343598782
691344597423
691345597584
691346596225
691347596386
691348596547
691349596708
691350596869
691351597029
691352597190
691353598871
691354599032
691355596153
691356596314
691357596475
691358596636
691359596796
691360596957
691361597118
691362597279
691363597440
691364599121
691365597762
691366596403
691367596563
691368596724
691369596885
691370597046
691371597207
691372597368
691373597529
691374596170
691375596331
691376598011
691377596652
691378596813
691379596974
691380597135
691381597296
691382597457
691383597618
691384596258
691385596419
691386596580
691387598261
691388596902
691389597063
691390597224
691391597385
691392597545
691393596186
691394596347
691395596508
691396596669
691397596830
691398598511
691399597152
691400597313
691401597473
691402599154
691403596275
691404596436
691405596597
691406596758
691407596919
691408597080
691409597240
691410597401
691411597562
691412596203
691413597884
691414596525
691415596686
691416596847
691417597007
691418597168
691419597329
691420597490
691421597651
691422596292
691423596453
691424599654
691425599815
691426596935
691427597096
691428597257
691429597418
691430597579
691431596220
691432596381
691433596542
691434596702
691435596863
691436598544
691437597185
691438597346
691439597507
691440597668
691441596309
691442596469
691443596630
691444596791
691445596952
691446597113
691447598794
691448598955
691449597596
691450596237
691451596397
691452596558
691453596719
691454596880
691455597041
691456597202
691457597363
691458597524
691459597684
691460596325
691461596486
691462596647
691463596808
691464596969
691465598650
691466597291
691467597451
691468597612
691469596253
691470596414
691471596575
691472596736
691473596897
691474597058
691475597219
691476598899
691477597540
691478597701
691479596342
691480596503
691481596664
691482596825
691483596986
691484597146
691485597307
691486597468
691487600669
691488599310
691489596431
691490596592
691491596753
691492596913
691493597074
691494597235
691495597396
691496597557
691497597718
691498596359
691499598040
691500596681
691501596841
691502597002
691503597163
691504597324
691505597485
691506597646
691507596287
691508596448
691509596608
691510599809
691511596930
691512597091
691513597252
691514597413
691515597574
691516597735
691517596375
691518596536
691519596697
691520596858
691521597019
691522598700
691523597341
691524597502
691525597663
691526596303
691527596464
691528596625
691529596786
691530596947
691531597108
691532597269
691533598950
691534597590
691535597751
691536596392
691537596553
691538596714
691539596875
691540597036
691541597197
691542597357
691543597518
691544599199
691545599360
691546596481
691547596642
691548596803
691549596964
691550597125
691551597285
691552597446
691553597607
691554597768
691555596409
691556598090
691557596731
691558596892
691559597052
691560597213
691561597374
691562597535
691563597696
691564596337
691565596498
691566596659
691567598339
691568596980
691569597141
691570597302
691571597463
691572599144
691573597785
691574596426
691575596587
691576596747
691577596908
691578597069
691579597230
691580597391
691581597552
691582597713
691583597874
691584596514
691585596675
691586596836
691587598517
691588598678
691589597319
691590597480
691591597641
691592597801
691593596442
691594599643
691595599804
691596596925
691597597086
691598597247
691599597408
691600597569
691601597729
691602596370
691603596531
691604596692
691605596853
691606598534
691607597175
691608597336
691609597496
691610597657
691611597818
691612596459
691613598140
691614596781
691615596942
691616597103
691617598783
691618597424
691619597585
691620597746
691621596387
691622598068
691623598229
691624596870
691625597031
691626597191
691627597352
691628597513
691629597674
691630597835
691631596476
691632596637
691633596798
691634599998
691635597119
691636597280
691637597441
691638597602
691639597763
691640596404
691641596565
691642596725
691643596886
691644597047
691645600248
691646600409
691647597530
691648597691
691649597852
691650596493
691651596653
691652596814
691653596975
691654597136
691655597297
691656597458
691657599139
691658597780
691659596420
691660596581
691661596742
691662596903
691663597064
691664597225
691665597386
691666597547
691667597707
691668600908
691669599549
691670596670
691671596831
691672596992
691673597153
691674597314
691675597475
691676597635
691677597796
691678596437
691679596598
691680596759
691681596920
691682597081
691683597242
691684597402
691685597563
691686597724
691687597885
691688596526
691689598207
691690596848
691691598529
691692597169
691693597330
691694597491
691695597652
691696597813
691697596454
691698596615
691699596776
691700596937
691701598617
691702597258
691703598939
691704597580
691705597741
691706597902
691707596543
691708596704
691709596864
691710597025
691711597186
691712601907
691713603588
691714602229
691715599350
691716596471
691717596631
691718596792
691719596953
691720597114
691721597275
691722597436
691723599117
691724597758
691725599439
691726596559
691727596720
691728596881
691729597042
691730597203
691731597364
691732597525
691733597686
691734599366
691735596487
691736596648
691737596809
691738596970
691739597131
691740597292
691741597453
691742597613
691743599294
691744597935
691745596576
691746596737
691747596898
691748597059
691749597220
691750597381
691751597541
691752597702
691753597863
691754598024
691755596665
691756596826
691757596987
691758597148
691759597308
691760597469
691761597630
691762597791
691763597952
691764596593
691765599794
691766599955
691767597075
691768597236
691769597397
691770597558
691771597719
691772597880
691773596521
691774596682
691775596843
691776598523
691777597164
691778597325
691779597486
691780597647
691781597808
691782597969
691783596610
691784596770
691785596931
691786597092
691787598773
691788597414
691789597575
691790597736
691791597897
691792596537
691793596698
691794596859
691795597020
691796597181
691797597342
691798597503
691799599184
691800597825
691801597985
691802596626
691803596787
691804596948
691805597109
691806597270
691807597431
691808597592
691809597752
691810599433
691811596554
691812596715
691813596876
691814598557
691815597198
691816597359
691817597519
691818597680
691819597841
691820598002
691821598163
691822598324
691823596965
691824597126
691825597287
691826597447
691827597608
691828597769
691829597930
691830596571
691831596732
691832598413
691833597054
691834597214
691835597375
691836597536
691837597697
691838597858
691839598019
691840596660
691841596821
691842596981
691843600182
691844597303
691845597464
691846597625
691847597786
691848597947
691849596588
691850596749
691851596909
691852597070
691853597231
691854598912
691855597553
691856597714
691857597875
691858598036
691859596676
691860596837
691861596998
691862597159
691863597320
691864597481
691865599162
691866597803
691867597963
691868596604
691869596765
691870596926
691871597087
691872597248
691873597409
691874597570
691875597731
691876600931
691877601092
691878596693
691879596854
691880597015
691881597176
691882597337
691883597498
691884597658
691885597819
691886597980
691887598141
691888598302
691889596943
691890597104
691891597265
691892597425
691893597586
691894597747
691895597908
691896598069
691897596710
691898598391
691899597032
691900597193
691901597353
691902597514
691903597675
691904597836
691905597997
691906596638
691907596799
691908596960
691909597120
691910597281
691911598962
691912597603
691913597764
691914597925
691915598086
691916596727
691917596887
691918597048
691919597209
691920597370
691921597531
691922599212
691923597853
691924598014
691925596655
691926596815
691927596976
691928597137
691929597298
691930597459
691931597620
691932597781
691933600982
691934601142
691935596743
691936596904
691937597065
691938597226
691939597387
691940597548
691941597709
691942597869
691943598030
691944596671
691945598352
691946596993
691947597154
691948597315
691949597476
691950597637
691951597797
691952597958
691953598119
691954596760
691955596921
691956600122
691957597243
691958597404
691959597564
691960597725
691961597886
691962598047
691963596688
691964596849
691965597010
691966597171
691967598851
691968597492
691969597653
691970597814
691971597975
691972598136
691973596777
691974596938
691975597099
691976597259
691977597420
691978599101
691979597742
691980597903
691981598064
691982596705
691983596866
691984597026
691985597187
691986597348
691987597509
691988597670
691989599351
691990599512
691991598153
691992596793
691993596954
691994598635
691995598796
691996597437
691997597598
691998597759
691999597920
692000598081
692001596721
692002596882
692003597043
692004597204
692005598885
692006597526
692007597687
692008597848
692009598008
692010598169
692011596810
692012596971
692013597132
692014597293
692015597454
692016599135
692017600815
692018597936
692019598097
692020596738
692021596899
692022597060
692023597221
692024597382
692025597543
692026597703
692027597864
692028599545
692029598186
692030596827
692031596988
692032597149
692033597310
692034597470
692035597631
692036600832
692037597953
692038598114
692039599795
692040598436
692041597077
692042597237
692043597398
692044597559
692045597720
692046597881
692047598042
692048598203
692049596844
692050597005
692051598685
692052597326
692053597487
692054597648
692055597809
692056597970
692057598131
692058596772
692059596932
692060597093
692061597254
692062598935
692063599096
692064597737
692065597898
692066598059
692067599739
692068601420
692069601581
692070601742
692071600383
692072602064
692073603745
692074603906
692075602547
692076604227
692077601348
692078603029
692079601670
692080600311
692081597432
692082597593
692083597754
692084597914
692085598075
692086598236
692087596877
692088597038
692089597199
692090597360
692091599041
692092599201
692093597842
692094598003
692095598164
692096598325
692097600006
692098597127
692099598808
692100597449
692101597609
692102597770
692103597931
692104598092
692105598253
692106596894
692107597055
692108597216
692109597376
692110600577
692111597698
692112597859
692113598020
692114598181
692115596822
692116596983
692117597143
692118597304
692119597465
692120597626
692121600827
692122599468
692123598109
692124598270
692125596911
692126597071
692127597232
692128597393
692129597554
692130597715
692131597876
692132598037
692133599718
692134596838
692135596999
692136597160
692137597321
692138597482
692139597643
692140597804
692141597965
692142598125
692143598286
692144598447
692145598608
692146597249
692147597410
692148602131
692149600772
692150600933
692151601093
692152599734
692153599895
692154598536
692155601737
692156598858
692157600539
692158599180
692159599340
692160599501
692161599662
692162599823
692163598464
692164598625
692165598786
692166598947
692167599107
692168599268
692169599429
