2037871415
2037879778
2037902579
2037919238
2037935383
2037947724
2037963375
2037979391
2037999375
2038023388
2038031348
2038043356
2038055366
2038081225
2038095905
2038109061
2038110388
2038123963
2038137070
2038151897
2038165067
2038179899
2038191846
2038207915
2038221049
2038235913
2038249055
2038250409
2038263963
2038277050
2038291912
2038305054
2038319915
2038331846
2038347904
2038361097
2038371905
2038384945
2038399904
2038411846
2038427957
2038441059
2038455915
2038469034
2038470387
2038483966
2038497081
2038511921
2038525083
2038539914
2038551847
2038567904
2038581093
2038595904
2038609086
2038610447
2038623965
2038637116
2038651903
2038665098
2038679902
2038691846
2038707912
2038721072
2038735915
2038749066
2038750451
2038763965
2038777096
2038791925
2038805057
2038820006
2038833609
2038847920
2038859278
2038895861
2038907867
2038919845
2038931858
2038943854
2038955844
2038967853
2038979851
2038991844
2039003853
2039015851
2039027844
2039039854
2039051851
2039063845
2039075853
2039087850
2039099845
2039111853
2039123850
2039135845
2039147852
2039159852
2039171844
2039183853
2039195852
2039207845
2039219853
2039231851
2039243844
2039255852
2039267852
2039279845
2039291852
2039303852
2039315845
2039327853
2039339851
2039351844
2039363852
2039371850
2039379847
2039391852
2039403852
2039415844
2039427852
2039439850
2039451844
2039463851
2039475850
2039487843
2039499851
2039511851
2039523845
2039535852
2039547853
2039559844
2039571851
2039583850
2039595845
2039607851
2039619849
2039631844
2039643855
2039655851
2039667844
2039679852
2039691850
2039703844
2039715853
2039727852
2039739844
2039751852
2039763851
2039775844
2039787853
2039799856
2039811845
2039823857
2039847850
2039859858
2039871850
2039883844
2039895854
2039907864
2039919857
2039931851
2039943855
2039955845
2039967851
2039979889
2039991844
2040003850
2040015850
2040027844
2040039851
2040051849
2040063844
2040075850
2040087851
2040099844
2040111851
2040123848
2040135844
2040147851
2040159850
2040171845
2040183856
2040195857
2040207846
2040219852
2040231850
2040243845
2040255859
2040267851
2040279844
2040291850
2040303849
2040315845
2040327852
2040339860
2040351845
2040363921
2040371859
2040379848
2040403849
2040427847
2040448078
2040463918
2040487849
2040511846
2040535845
2040559845
2040583846
2040607847
2040631846
2040655846
2040679846
2040703845
2040719790
2040735849
2040751901
2040767874
2040783654
2040799846
2040815891
2040836699
2040851950
2040867370
2040869382
2040883845
2040903188
2040919884
2040935845
2040951864
2040967856
2040983857
2040999846
2041015856
2041031845
2041047857
2041063845
2041079861
2041095844
2041111854
2041127846
2041143857
2041159847
2041175857
2041191845
2041207860
2041223846
2041239859
2041255846
2041271856
2041287846
2041303857
2041319846
2041331866
2041347861
2041363845
2041383855
2041399846
2041415845
2041431856
2041447847
2041463854
2041479848
2041495855
2041511845
2041527856
2041543845
2041559856
2041575849
2041591871
2041599219
2041615846
2041631852
2041647847
2041663857
2041679844
2041695853
2041711845
2041727854
2041743844
2041759853
2041775846
2041791855
2041799844
2041827879
2041855860
2041867897
2041879854
2041891361
2041903856
2041919964
2041935849
2041947861
2041949193
2041959865
2041971885
2041983845
2042003857
2042019846
2042035853
2042051845
2042067857
2042083845
2042095853
2042131856
2042147857
2042163846
2042179855
2042195845
2042211853
2042227845
2042242693
2042259845
2042271852
2042287848
2042303855
2042311845
2042327852
2042343846
2042359855
2042371844
2042387846
2042403854
2042411845
2042419856
2042435845
2042451858
2042487921
2042499906
2042519849
2042529333
2042547850
2042563856
2042579846
2042595855
2042611844
2042619851
2042635846
2042651853
2042667847
2042683869
2042695849
2042707853
2042731852
2042747857
2042763855
2042791847
2042807854
2042831850
2042863529
2042887948
2042899513
2042911965
2042927847
2042940122
2042955858
2042971848
2042987857
2043003846
2043019858
2043031859
2043047848
2043063859
2043079846
2043095858
2043111846
2043127858
2043143847
2043159859
2043175846
2043191873
2043207848
2043223860
2043239845
2043279861
2043291845
2043315849
2043327859
2043339853
2043351845
2043363860
2043371850
2043379848
2043391858
2043403852
2043415845
2043427858
2043439853
2043451845
2043463858
2043475853
2043487845
2043499859
2043511856
2043523844
2043535858
2043547851
2043559844
2043571857
2043583860
2043595846
2043607858
2043619855
2043631844
2043643858
2043655851
2043667845
2043679856
2043691849
2043703844
2043715858
2043727851
2043739844
2043751857
2043763851
2043775844
2043787858
2043799851
2043811845
2043823857
2043837420
2043839347
2043851847
2043863859
2043875851
2043895904
2043907857
2043911385
2043920375
2043931859
2043943844
2043955851
2043967858
2043979845
2043991849
2044003857
2044015844
2044027850
2044039858
2044051845
2044063849
2044075858
2044087845
2044099858
2044111858
2044123844
2044135857
2044147859
2044159844
2044193150
2044216961
2044240924
2044264936
2044288949
2044299927
2044311844
2044323859
2044335900
2044348914
2044359894
2044379861
2044391844
2044416915
2044427895
2044440925
2044464923
2044475892
2044499899
2044525402
2044548923
2044559924
2044571846
2044583860
2044595896
2044627861
2044643854
2044659860
2044679857
2044691853
2044707856
2044723858
2044739853
2044755858
2044771853
2044787855
2044803858
2044831857
2044839686
2044863891
2044875907
2044899901
2044911475
2044919198
2044935852
2044951858
2044967852
2044983858
2044999852
2045015859
2045031853
2045047861
2045063861
2045079855
2045095855
2045111856
2045127853
2045143858
2045159854
2045175856
2045191852
2045207857
2045223856
2045239858
2045255852
2045271859
2045287852
2045303860
2045319856
2045335857
2045351853
2045399856
2045415853
2045431858
2045447855
2045463859
2045479852
2045495856
2045511851
2045527857
2045543852
2045559860
2045575854
2045591856
2045607851
2045623857
2045639851
2045655857
2045671864
2045687856
2045703864
2045719859
2045739923
2045755858
2045771918
2045788429
2045803923
2045815876
2045831857
2045844006
2045855869
2045871927
2045887867
2045903917
2045915937
2045929081
2045943921
2045960214
2045975903
2045991957
2046008929
2046009187
2046019183
2046036102
2046051968
2046068861
2046083932
2046100582
2046115856
2046131932
2046149178
2046149210
2046163853
2046180489
2046195948
2046212675
2046227930
2046244593
2046259856
2046275854
2046293158
2046307925
2046324486
2046339939
2046351853
2046379489
2046395869
2046411855
2046427856
2046443853
2046459893
2046475852
2046491855
2046507853
2046523856
2046539852
2046555855
2046571859
2046587854
2046603853
2046619852
2046635851
2046651855
2046667852
2046683852
2046699852
2046715855
2046731851
2046747853
2046763855
2046779856
2046795853
2046811855
2046827854
2046848297
2046859402
2046871854
2046883862
2046903899
2046919854
2046935855
2046951852
2046967853
2046983857
2046999854
2047015853
2047031854
2047047853
2047063854
2047079849
2047095854
2047111854
2047127853
2047143853
2047159854
2047175851
2047189919
2047203856
2047219851
2047235853
2047251864
2047267853
2047277103
2047299854
2047315859
2047331959
2047343937
2047358417
2047362250
2047369188
2047379195
2047389187
2047399186
2047409188
2047432573
2047447926
2047464294
2047479937
2047495856
2047511914
2047527937
2047544790
2047559933
2047575860
2047591930
2047608823
2047623915
2047639944
2047655859
2047671917
2047687941
2047705091
2047719910
2047735858
2047752899
2047767925
2047784222
2047799911
2047815190
2047828935
2047839908
2047855963
2047868390
2047883935
2047896981
2047911923
2047928513
2047943924
2047960286
2047975935
2047992915
2048023862
2048039858
2048055853
2048071856
2048087855
2048103858
2048119855
2048135858
2048151853
2048167857
2048183855
2048199863
2048215863
2048231860
2048247853
2048263860
2048279852
2048295859
2048311852
2048327857
2048343855
2048359857
2048371849
2048387859
2048403854
2048419860
2048435859
2048451861
2048467853
2048483857
2048499855
2048515858
2048531853
2048547858
2048563865
2048579858
2048595848
2048611858
2048627851
2048643859
2048659852
2048675859
2048691853
2048707858
2048723850
2048739859
2048755852
2048771858
2048787861
2048803859
2048812558
2048827952
2048840605
2048855914
2048871936
2048888915
2048903917
2048919933
2048935856
2048951910
2048959385
2048985410
2048999467
2049015860
2049032761
2049047916
2049063933
2049080594
2049095914
2049111941
2049129253
2049151456
2049167934
2049185250
2049203459
2049219936
2049235856
2049251913
2049268277
2049283919
2049299930
2049315859
2049331934
2049348713
2049359466
2049371857
2049388501
2049403935
2049420887
2049435911
2049451956
2049464839
2049480842
2049495933
2049513030
2049535462
2049551931
2049583857
2049599858
2049615856
2049631858
2049647852
2049663861
2049679852
2049695860
2049711851
2049727857
2049743855
2049759859
2049775852
2049791858
2049807872
2049819883
2049851865
2049870291
2049879856
2049895854
2049907867
2049919426
2049929188
2049939848
2049951856
2049959848
2049975354
2049979184
2049989184
2049999187
2050027363
2050039359
2050055655
2050075359
2050090720
2050103367
2050115356
2050135357
2050159374
2050175353
2050192917
2050203350
2050211346
2050223352
2050235359
2050255366
2050279357
2050303354
2050327358
2050339357
2050355359
2050375354
2050383348
2050391348
2050407357
2050415356
2050435357
2050459385
2050475363
2050491348
2050499350
2050519365
2050535359
2050555356
2050576645
2050587358
2050595361
2050611351
2050619354
2050631345
2050643355
2050655912
2050675367
2050699366
2050723360
2050747356
2050759369
2050775360
2050795365
2050817007
2050827358
2050835360
2050855369
2050879360
2050895365
2050910025
2050927729
2050939367
2050955423
2050975363
2050999356
2051023386
2051047389
2051059380
2051075361
2051095356
2051113872
2051135350
2051155363
2051179373
2051195361
2051215360
2051223347
2051231345
2051243356
2051256248
2051275354
2051299358
2051315355
2051330866
2051339349
2051351350
2051371394
2051391353
2051399345
2051411349
2051423356
2051435352
2051455357
2051479358
2051495356
2051515357
2051539381
2051555362
2051575357
2051595574
2051607358
2051615361
2051635399
2051659375
2051675361
2051695357
2051719358
2051739358
2051751348
2051759348
2051771349
2051783352
2051795359
2051815259
2051825064
2051835369
2051843400
2051852996
2051865855
2051876952
2051886553
2051895353
2051903370
2051917878
2051929877
2051947388
2051959399
2051975361
2051995362
2052019358
2052035357
2052055364
2052079359
2052095358
2052115359
2052139097
2052147362
2052155374
2052175357
2052199360
2052215356
2052235361
2052243357
2052251346
2052263356
2052275353
2052295359
2052319357
2052335361
2052355357
2052379362
2052395363
2052415363
2052439357
2052463363
2052476449
2052491361
2052503357
2052515360
2052535356
2052559357
2052575363
2052595362
2052619359
2052635357
2052652214
2052663355
2052671349
2052683371
2052695361
2052715364
2052739363
2052763350
2052787353
2052799359
2052815555
2052835356
2052843349
2052851348
2052871359
2052895355
2052919359
2052935356
2052955363
2052963346
2052971346
2052983356
