783669225709
783669294109
783669327549
783669359469
783669392909
783669424829
783669458269
783669490189
783669525149
783669558589
783669592029
783669625469
783669655869
783669689309
783669724269
783669756189
783669789629
783669824589
783669856509
783669888430
783669921870
783669955310
783669990270
783670022190
783670054110
783670087550
783670120990
783670152910
783670183310
783670216750
783670248670
783670286670
783670318590
783670352030
783670385470
783670417390
783670449310
783670482750
783670513150
783670546590
783670578510
783670611950
783670646910
783670681870
783670712270
783670744190
783670774590
783670806510
783670838430
783670868830
783670900750
783670932670
783670964590
783670996510
783671029951
783671061871
783671093791
783671125711
783671156111
783671189551
783671219951
783671256431
783671289871
783671323311
783671356751
783671387151
783671416031
783671447951
783671479871
783671511791
783671542191
783671575631
783671609071
783671640991
783671674431
783671706351
783671736751
783671770191
783671802111
783671832511
783671864431
783671896351
783671928271
783671958671
783671989071
783672022511
783672052911
783672084831
783672116751
783672150191
783672182112
783672214032
783672247472
783672283952
783672317392
783672350832
783672381232
783672413152
783672446592
783672478512
783672510432
783672542352
783672574272
783672604672
783672638112
783672671552
783672701952
783672732352
783672764272
783672797712
783672828112
783672861552
783672894992
783672925392
783672958832
783672990752
783673022672
783673056112
783673086512
783673119952
783673153392
783673185312
783673215712
783673247632
783673285632
783673317553
783673347953
783673378353
783673411793
783673442193
783673475633
783673510593
783673542513
783673574433
783673607873
783673639793
783673671713
783673705153
783673738593
783673770513
783673803953
783673835873
783673866273
783673898193
783673931633
783673963553
783673995473
783674027393
783674057793
783674091233
783674123153
783674156593
783674186993
783674217393
783674247793
783674282753
783674314673
783674346593
783674380033
783674411953
783674442354
783674474274
783674506194
783674538114
783674570034
783674601954
783674632354
783674665794
783674700754
783674732674
783674763074
783674796514
783674826914
783674858834
783674890754
783674922674
783674954594
783674986514
783675019954
783675051874
783675085314
783675117234
783675149154
783675182594
783675216034
783675247954
783675282914
783675314834
783675346754
783675378674
783675409074
783675442514
783675475954
783675506354
783675538274
783675570195
783675602115
783675634035
783675665955
783675699395
783675729795
783675763235
783675795155
783675825555
783675857475
783675892435
783675925875
783675957795
783675991235
783676023155
783676055075
783676088515
783676121955
783676153875
783676184275
783676217715
783676249635
783676286115
783676318035
783676351475
783676383395
783676415315
783676448755
783676479155
783676511075
783676542995
783676574915
783676606835
783676640275
783676672195
783676705636
783676739076
783676770996
783676802916
783676831796
783676863716
783676894116
783676926036
783676959476
783676989876
783677020276
783677052196
783677084116
783677114516
783677146436
783677179876
783677213316
783677243716
783677278676
783677310596
783677342516
783677375956
783677409396
783677441316
783677473236
783677506676
783677540116
783677575076
783677606996
783677638916
783677672356
783677704276
783677736196
783677769636
783677801556
783677833476
783677865397
783677898837
783677930757
783677962677
783677994597
783678026517
783678058437
783678091877
783678123797
783678155717
783678189157
783678219557
783678249957
783678286437
783678319877
783678350277
783678383717
783678415637
783678447557
783678479477
783678511397
783678543317
783678573717
783678607157
783678639077
783678670997
783678702917
783678736357
783678769797
783678803237
783678836677
783678868597
783678902037
783678935477
783678968917
783679002358
783679034278
783679066198
783679099638
783679131558
783679164998
783679196918
783679228838
783679265318
783679295718
783679329158
783679362598
783679396038
783679429478
783679464438
783679497878
783679531318
783679563238
783679596678
783679630118
783679662038
783679693958
783679727398
783679760838
783679794278
783679826198
783679858118
783679890038
783679921958
783679953878
783679985798
783680019238
783680051158
783680084598
783680116519
783680146919
783680180359
783680212279
783680242679
783680280679
783680312599
783680346039
783680379479
783680412919
783680444839
783680478279
783680511719
783680543639
783680575559
783680607479
783680639399
783680671319
783680704759
783680738199
783680768599
783680802039
783680832439
783680865879
783680899319
783680932759
783680966199
783680999639
783681031559
783681066519
783681098439
783681131879
783681163799
783681197239
783681229159
783681264120
783681297560
783681331000
783681362920
783681396360
783681428280
783681461720
783681493640
783681527080
783681560520
783681592440
783681624360
783681654760
783681688200
783681720120
783681750520
783681783960
783681815880
783681846280
783681878200
783681910120
783681942040
783681975480
783682007400
783682039320
783682072760
783682103160
783682135080
783682167000
783682200440
783682232360
783682268840
783682300760
783682334200
783682367640
783682401081
783682434521
783682467961
783682501401
783682533321
783682566761
783682598681
783682630601
783682662521
783682694441
783682726361
783682758281
783682790201
783682823641
783682857081
783682890521
783682922441
783682954361
783682987801
783683021241
783683054681
783683086601
783683120041
783683153481
783683186921
783683218841
783683250761
783683294841
783683326761
783683360201
783683392121
783683424041
783683459001
783683490921
783683522842
783683554762
783683586682
783683618602
783683653562
783683685482
783683718922
783683753882
783683787322
783683819242
783683851162
783683884602
783683918042
783683949962
783683981882
783684015322
783684048762
783684079162
783684111082
783684144522
783684176442
783684208362
783684241802
783684278282
783684310202
783684342122
783684374042
783684407482
783684440922
783684472842
783684504762
783684536682
783684570122
783684602042
783684635482
783684668923
783684700843
783684732763
783684764683
783684798123
783684831563
783684863483
783684898443
783684930363
783684962283
783684994203
783685027643
783685059563
783685091483
783685124923
783685156843
783685190283
783685223723
783685260203
783685293643
783685327083
783685360523
783685392443
783685424363
783685459323
783685491243
783685524683
783685558123
783685591563
783685625003
783685658443
783685691883
783685723803
783685755723
783685787643
783685821084
783685854524
783685886444
783685918364
783685950284
783685982204
783686015644
783686047564
783686079484
783686111404
783686144844
783686178284
783686210204
783686243644
783686278604
783686312044
783686345484
783686377404
783686409324
783686442764
783686476204
783686509644
783686541564
783686573484
783686605404
783686638844
783686670764
783686704204
783686737644
783686771084
783686804524
783686836444
783686869884
783686901804
783686935245
783686967165
783686999085
783687032525
783687065965
783687097885
783687131325
783687164765
783687198205
783687231645
783687266605
783687298525
783687331965
783687365405
783687398845
783687432285
783687465725
783687497645
783687531085
783687563005
783687596445
783687628365
783687660285
783687693725
783687727165
783687760605
783687794045
783687827485
783687859405
783687892845
783687926285
783687959725
783687993165
783688026605
783688060045
783688091966
783688125406
783688158846
783688192286
783688224206
783688260686
783688294126
783688327566
783688361006
783688394446
783688427886
783688461326
783688493246
783688526686
783688558606
783688592046
783688625486
783688658926
783688692366
783688724286
783688757726
783688791166
783688824606
783688856526
783688888446
783688921886
783688952286
783688985726
783689019166
783689051086
783689083006
783689116446
783689148366
783689180286
783689212207
783689245647
783689283647
783689315567
783689349007
783689380927
783689414367
783689446287
783689478207
783689511647
783689543567
783689577007
783689608927
783689640847
783689674287
783689706207
783689739647
783689773087
783689806527
783689839967
783689871887
783689905327
783689937247
783689969167
783690002607
783690036047
783690067967
783690099887
783690133327
783690166767
783690198687
783690232127
783690267087
783690299007
783690332447
783690364368
783690397808
783690431248
783690464688
783690498128
783690530048
783690563488
783690593888
783690627328
783690660768
783690692688
783690724608
783690755008
783690788448
783690821888
783690853808
783690885728
783690917648
783690951088
783690983008
783691014928
783691048368
783691081808
783691115248
783691148688
783691182128
783691214048
783691247488
783691282448
783691314368
783691347808
783691381248
783691414688
783691446608
783691480049
783691513489
783691545409
783691578849
783691610769
783691641169
783691673089
783691705009
783691738449
783691771889
783691805329
783691837249
783691870689
783691904129
783691937569
783691969489
783692002929
783692034849
783692066769
783692101729
783692133649
783692167089
783692199009
783692232449
783692270449
783692302369
783692334289
783692366209
783692399649
783692433089
783692465009
783692498449
783692531889
783692565329
783692597249
783692629170
783692662610
783692694530
783692727970
783692759890
783692793330
783692825250
783692858690
783692892130
783692925570
783692957490
783692989410
783693021330
783693051730
783693086690
783693120130
783693153570
783693187010
783693220450
783693256930
783693290370
783693322290
783693354210
783693387650
783693421090
783693453010
783693484930
783693518370
783693550290
783693582210
783693614130
783693647570
783693679490
783693711410
783693743330
783693775251
783693805651
783693839091
783693871011
783693904451
783693934851
783693968291
783694001731
783694035171
783694068611
783694102051
783694133971
783694165891
783694197811
783694231251
783694266211
783694299651
783694333091
783694366531
783694399971
783694431891
783694463811
783694495731
783694529171
783694561091
783694593011
783694624931
783694656851
783694690291
783694720691
783694752611
783694784531
783694819491
783694851411
783694883331
783694915252
783694947172
783694979092
783695012532
783695044452
783695076372
783695108292
783695141732
783695173652
783695207092
783695237492
783695272452
783695305892
783695339332
783695372772
783695406212
783695438132
783695470052
783695501972
783695533892
783695567332
783695599252
783695629652
783695666132
783695696532
783695726932
783695758852
783695790772
783695822692
783695856132
783695891092
783695924532
783695954932
783695986852
783696018772
783696050693
783696082613
783696114533
783696147973
783696179893
783696211813
783696243733
783696281733
783696313653
783696347093
783696380533
783696410933
783696441333
783696474773
783696506693
783696537093
783696569013
783696600933
783696632853
783696664773
783696698213
783696727093
783696760533
783696793973
783696825893
783696856293
783696888213
783696921653
783696952053
783696982453
783697014373
783697047813
783697081253
783697113173
783697145093
783697177014
783697208934
783697240854
783697283414
783697315334
783697345734
783697377654
783697409574
783697441494
783697473414
783697505334
783697535734
783697567654
783697599574
783697631494
783697663414
783697696854
783697730294
783697762214
783697794134
783697827574
783697859494
783697892934
783697924854
783697958294
783697990214
783698022134
783698055574
783698089014
783698120934
783698152854
783698186294
783698219734
783698250134
783698289654
783698323095
783698353495
783698385415
783698414295
783698446215
783698479655
783698513095
783698545015
783698578455
783698610375
783698642295
783698674215
783698706135
783698738055
783698769975
783698801895
783698833815
783698865735
783698897655
783698931095
783698963015
783698994935
783699026855
783699058775
783699090695
783699122615
783699153015
783699184935
783699218375
783699248775
783699294375
783699327815
783699362775
783699394695
783699426615
783699461576
783699495016
783699525416
783699557336
783699587736
783699619656
783699651576
783699683496
783699715416
783699747336
783699780776
783699814216
783699844616
783699878056
783699908456
783699941896
783699973816
783700004216
783700037656
783700069576
783700101496
783700134936
783700169896
783700203336
783700236776
783700280856
783700312776
783700346216
783700378136
783700410056
783700441976
783700475416
783700505816
783700539256
783700569657
783700603097
783700635017
783700666937
783700698857
783700729257
783700761177
783700791577
783700820457
783700855417
783700888857
783700919257
783700951177
783700983097
783701013497
783701043897
783701074297
783701106217
783701136617
783701168537
783701200457
783701230857
783701273417
783701305337
783701338777
783701370697
783701404137
783701437577
783701469497
783701501417
783701534857
783701566777
783701600217
783701632137
783701664057
783701695977
783701726378
783701759818
783701791738
783701823658
