910392305305
910492272753
910592273641
910692271489
910792269337
910892273265
910992268073
911092268961
911192268329
911292269217
911392268585
911492274033
911592268841
911692271249
911792269097
911892268465
911992269353
912092268721
912192269609
912292268977
912392268345
912492273793
912592273161
912692269489
912792268857
912892268225
912992269113
913092268481
913192269369
913292268737
913392274185
913492273553
913592272921
913692273809
913792273177
913892274065
913992273433
914092274321
914192273689
914292273057
914392273945
914492274833
914592274201
914692273569
914792272937
914892273825
914992273193
915092274081
915192273449
915292274337
915392273705
915492273073
915592272441
915692273329
915792272697
915892273585
915992269913
916092270801
916192268649
916292269537
916392273465
916492274353
916592273721
916692271569
916792269417
916892273345
916992271193
917092269041
917192269929
917292269297
917392273225
917492274113
917592273481
917692274369
917792273737
917892274625
917992273993
918092273361
918192274249
918292272097
918392274505
918492275393
918592273241
918692274129
918792273497
918892274385
918992273753
919092274641
919192274009
919292273377
919392275785
919492273633
919592269961
919692270849
919792270217
919892269585
919992268953
920092269841
920192273769
920292273137
920392272505
920492273393
920592274281
920692272129
920792269977
920892269345
920992271753
921092269601
921192268969
921292269857
921392269225
921492274673
921592269481
921692270369
921792269737
921892273665
921992273033
922092269361
922192270249
922292269617
922392268985
922492274433
922592269241
922692270129
922792269497
922892274945
922992274313
923092269121
923192270009
923292269377
923392270265
923492274193
923592276601
923692269889
923792269257
923892274705
923992275593
924092270401
924192269769
924292273697
924392274585
924492275473
924592270281
924692269649
924792270537
924892269905
924992269273
925092270161
925192269529
925292271937
925392269785
925492272193
925592270041
925692269409
925792270297
925892269665
925992270553
926092269921
926192270809
926292270177
926392269545
926492273473
926592271321
926692270689
926792270057
926892269425
926992270313
927092271201
927192270569
927292269937
927392270825
927492273233
927592269561
927692270449
927792269817
927892275265
927992274633
928092274001
928192274889
928292274257
928392275145
928492276033
928592275401
928692271729
928792271097
928892270465
928992274393
929092270721
929192270089
929292270977
929392270345
929492274273
929592270601
929692269969
929792270857
929892270225
929992269593
930092270481
930192269849
930292270737
930392273145
930492272513
930592271881
930692269729
930792270617
930892269985
930992270873
931092270241
931192271129
931292270497
931392269865
931492272273
931592274681
931692271009
931792270377
931892274305
931992270633
932092271521
932192270889
932292274817
932392275705
932492273553
932592274441
932692270769
932792274697
932892275585
932992270393
933092272801
933192270649
933292270017
933392270905
933492271793
933592275721
933692270529
933792269897
933892270785
933992270153
934092272561
934192270409
934292271297
934392270665
934492271553
934592277001
934692270289
934792271177
934892270545
934992275993
935092275361
935192270169
935292271057
935392270425
935492275873
935592275241
935692270049
935792270937
935892270305
935992271193
936092270561
936192271449
936292270817
936392270185
936492272593
936592271961
936692271329
936792270697
936892271585
936992270953
937092270321
937192271209
937292270577
937392271465
937492275393
937592270201
937692271089
937792270457
937892271345
937992270713
938092271601
938192270969
938292270337
938392271225
938492272113
938592271481
938692270849
938792271737
938892271105
938992271993
939092271361
939192275289
939292277697
939392270985
939492271873
939592275801
939692275169
939792271497
939892270865
939992276313
940092271121
940192270489
940292271377
940392270745
940492271633
940592271001
940692273409
940792271257
940892270625
940992276073
941092275441
941192274809
941292271137
941392270505
941492272913
941592270761
941692271649
941792271017
941892271905
941992271273
942092270641
942192271529
942292270897
942392276345
942492275713
942592272041
942692271409
942792270777
942892271665
942992271033
943092271921
943192271289
943292270657
943392271545
943492275473
943592277881
943692275729
943792276617
943892275985
943992275353
944092276241
944192275609
944292276497
944392274345
944492276753
944592277641
944692275489
944792276377
944892271185
944992272073
945092271441
945192270809
945292271697
945392271065
945492271953
945592271321
945692272209
945792271577
945892270945
945992271833
946092271201
946192272089
946292271457
946392272345
946492274753
946592271081
946692271969
946792275897
946892272225
946992271593
947092270961
947192271849
947292274257
947392272105
947492274513
947592272361
947692271729
947792271097
947892271985
947992271353
948092272241
948192271609
948292272497
948392271865
948492272753
948592272121
948692271489
948792272377
948892271745
948992271113
949092275041
949192271369
949292272257
949392271625
949492274033
949592271881
949692271249
949792273657
949892271505
949992272393
950092271761
950192272649
950292272017
950392271385
950492273793
950592271641
950692272529
950792273417
950892271265
950992272153
951092271521
951192272409
951292271777
951392272665
951492273553
951592271401
951692272289
951792271657
951892272545
951992271913
952092272801
952192272169
952292271537
952392272425
952492273313
952592272681
952692272049
952792271417
952892272305
952992271673
953092272561
953192271929
953292272817
953392272185
953492273073
953592272441
953692271809
953792272697
953892272065
953992272953
954092272321
954192271689
954292272577
954392271945
954492274353
954592272201
954692271569
954792272457
954892271825
954992272713
955092272081
955192272969
955292272337
955392271705
955492274113
955592271961
955692272849
955792272217
955892276145
955992277033
956092276401
956192272729
956292272097
956392272985
956492273873
956592271721
956692272609
956792275017
956892278945
956992272233
957092273121
957192272489
957292271857
957392272745
957492273633
957592273001
957692272369
957792273257
957892274145
957992271993
958092272881
958192272249
958292273137
958392272505
958492273393
958592272761
958692272129
958792273017
958892272385
958992274793
959092274161
959192272009
959292275937
959392276825
959492274673
959592272521
959692274929
959792272777
959892272145
959992273033
960092272401
960192273289
960292272657
960392272025
960492274433
960592272281
960692274689
960792272537
960892273425
960992272793
961092272161
961192273049
961292272417
961392273305
961492272673
961592273561
961692272929
961792272297
961892273185
961992275593
962092273441
962192272809
962292272177
962392273065
962492276993
962592273321
962692272689
962792273577
962892272945
962992272313
963092273201
963192272569
963292273457
963392272825
963492275233
963592273081
963692272449
963792273337
963892272705
963992273593
964092272961
964192272329
964292273217
964392272585
964492274993
964592272841
964692273729
964792273097
964892272465
964992274873
965092272721
965192273609
965292272977
965392273865
965492273233
965592272601
965692273489
965792272857
965892273745
965992273113
966092272481
966192273369
966292272737
966392273625
966492274513
966592273881
966692273249
966792272617
966892273505
966992272873
967092273761
967192273129
967292274017
967392273385
967492277313
967592273641
967692274529
967792273897
967892273265
967992272633
968092275041
968192272889
968292273777
968392273145
968492275553
968592273401
968692272769
968792273657
968892277585
968992279993
969092276321
969192274169
969292273537
969392272905
969492275313
969592273161
969692274049
969792273417
969892272785
969992273673
970092273041
970192273929
970292273297
970392274185
970492275073
970592272921
970692273809
970792273177
970892274065
970992273433
971092274321
971192273689
971292273057
971392273945
971492274833
971592274201
971692273569
971792272937
971892273825
971992273193
972092274081
972192273449
972292274337
972392273705
972492277633
972592273961
972692273329
972792274217
972892273585
972992274473
973092276881
973192273209
973292274097
973392274985
973492275873
973592273721
973692273089
973792273977
973892273345
973992274233
974092273601
974192279049
974292273857
974392273225
974492275633
974592273481
974692274369
974792273737
974892274625
974992273993
975092274881
975192274249
975292273617
975392274505
975492275393
975592273241
975692274129
975792273497
975892274385
975992273753
976092274641
976192274009
976292273377
976392275785
976492273633
976592274521
976692278449
976792274777
976892274145
976992273513
977092274401
977192278329
977292274657
977392274025
977492277953
977592274281
977692273649
977792274537
977892273905
977992274793
978092274161
978192273529
978292274417
978392273785
978492276193
978592274041
978692279489
978792274297
978892273665
978992274553
979092276961
979192274809
979292274177
979392273545
979492275953
979592273801
979692274689
979792274057
979892274945
979992274313
980092273681
980192274569
980292273937
980392274825
980492274193
980592275081
980692274449
980792273817
980892274705
980992274073
981092276481
981192274329
981292273697
981392279145
981492278513
981592279401
981692278769
981792279657
981892279025
981992278393
982092279281
982192278649
982292279537
982392278905
982492279793
982592279161
982692278529
982792279417
982892280305
982992279673
983092279041
983192279929
983292279297
983392278665
983492279553
983592278921
983692279809
983792279177
983892278545
983992279433
984092278801
984192279689
984292279057
984392279945
984492279313
984592278681
984692279569
984792278937
984892279825
984992279193
985092278561
985192279449
985292278817
985392279705
985492280593
985592279961
985692279329
985792278697
985892279585
985992278953
986092279841
986192279209
986292280097
986392279465
986492278833
986592279721
986692280609
986792279977
986892279345
986992278713
987092279601
987192278969
987292279857
987392279225
987492280113
987592279481
987692274289
987792275177
987892274545
987992276953
988092274801
988192275689
988292279617
988392278985
988492281393
988592274681
988692277089
988792273417
988892275825
988992279753
989092276081
989192275449
989292274817
989392275705
989492279633
989592279001
989692276849
989792274697
989892275585
989992276473
990092275841
990192275209
990292274577
990392275465
990492279393
990592275721
990692275089
990792274457
990892275345
990992276233
991092275601
991192274969
991292275857
991392275225
991492280673
991592280041
991692274849
991792275737
991892275105
991992275993
992092279921
992192274729
992292275617
992392274985
992492280433
992592275241
992692274609
992792275497
992892274865
992992277273
993092275121
993192276009
993292275377
993392274745
993492281713
993592276521
993692275889
993792275257
993892276145
993992275513
994092277921
994192275769
994292275137
994392276025
994492279953
994592279321
994692275649
994792275017
994892275905
994992275273
995092277681
995192275529
995292274897
995392275785
995492279713
995592280601
995692275409
995792276297
995892275665
995992275033
996092277441
996192275289
996292276177
996392275545
996492280993
996592280361
996692278209
996792276057
996892275425
996992276313
997092277201
997192275049
997292275937
997392276825
997492280753
997592287721
997692276449
997792275817
997892275185
997992276073
998092278481
998192276329
998292275697
998392275065
998492282033
998592278361
998692279249
998792278617
998892276465
998992275833
999092276721
999192276089
999292280017
999392276345
999492280273
999592278121
999692275969
999792275337
999892276225
999992275593
1000092276481
1000192275849
1000292275217
1000392276105
1000492280033
1000592276361
1000692275729
1000792276617
1000892275985
1000992275353
1001092280801
1001192280169
1001292276497
1001392275865
1001492281313
1001592276121
1001692277009
1001792276377
1001892275745
1001992281193
1002092280561
1002192275369
1002292276257
1002392275625
1002492281073
1002592275881
1002692276769
1002792276137
1002892275505
1002992276393
1003092275761
1003192276649
1003292276017
1003392276905
1003492280833
1003592275641
1003692276529
1003792275897
1003892276785
1003992276153
1004092275521
1004192276409
1004292275777
1004392279705
1004492280593
1004592276921
1004692277809
1004792275657
1004892276545
1004992275913
1005092276801
1005192280729
1005292281617
1005392276425
1005492280353
1005592278201
1005692276049
1005792276937
1005892276305
1005992275673
1006092276561
1006192275929
1006292276817
1006392276185
1006492281633
1006592276441
1006692280369
1006792281257
1006892276065
1006992276953
1007092276321
1007192277209
1007292281137
1007392277465
1007492281393
1007592276201
1007692277089
1007792276457
1007892275825
1007992276713
1008092276081
1008192276969
1008292276337
1008392281785
1008492282673
1008592275961
1008692278369
1008792276217
1008892277105
1008992276473
1009092278881
1009192276729
1009292280657
1009392276985
1009492282433
1009592277241
1009692276609
1009792275977
1009892276865
1009992276233
1010092277121
1010192278009
1010292277377
1010392276745
1010492280673
1010592277001
1010692277889
1010792277257
1010892276625
1010992277513
1011092276881
1011192277769
1011292277137
1011392276505
1011492281953
1011592276761
1011692277649
1011792277017
1011892276385
1011992277273
1012092276641
1012192277529
1012292276897
1012392276265
1012492281713
1012592276521
1012692277409
1012792281337
1012892277665
1012992277033
1013092276401
1013192277289
1013292281217
1013392277545
1013492281473
1013592280841
1013692281729
1013792276537
1013892277425
1013992276793
1014092279201
1014192278569
1014292276417
1014392277305
1014492281233
1014592277561
1014692279969
1014792277817
1014892277185
1014992276553
1015092277441
1015192276809
1015292277697
1015392277065
1015492280993
1015592277321
1015692276689
1015792279097
1015892276945
1015992277833
1016092277201
1016192276569
1016292277457
1016392276825
1016492282273
1016592277081
1016692277969
1016792284937
1016892276705
1016992277593
1017092276961
1017192277849
1017292277217
1017392276585
1017492282033
1017592276841
1017692277729
1017792278617
1017892277985
1017992277353
1018092276721
1018192279129
1018292276977
1018392277865
1018492281793
1018592278121
1018692279009
1018792276857
1018892279265
1018992280153
1019092279521
1019192278889
1019292276737
1019392280665
1019492280033
1019592277881
1019692278769
1019792282697
1019892277505
1019992276873
1020092277761
1020192277129
1020292278017
1020392277385
1020492282833
1020592277641
1020692278529
1020792277897
1020892277265
1020992282713
1021092283601
1021192281449
1021292283857
1021392281705
1021492284113
1021592281961
1021692282849
1021792280697
1021892281585
1021992282473
1022092281841
1022192284249
1022292277537
1022392278425
1022492282353
1022592277161
1022692279569
1022792278937
1022892278305
1022992277673
1023092277041
1023192277929
1023292277297
1023392278185
1023492282113
1023592278441
1023692277809
1023792277177
1023892278065
1023992277433
1024092278321
1024192277689
1024292278577
1024392277945
1024492281873
1024592278201
1024692277569
1024792279977
1024892280865
1024992277193
1025092278081
1025192277449
1025292278337
1025392277705
1025492284673
1025592277961
1025692277329
1025792278217
1025892277585
1025992278473
1026092277841
1026192278729
1026292278097
1026392277465
1026492282913
1026592279241
1026692278609
1026792277977
1026892281905
1026992282793
1027092277601
1027192278489
1027292277857
1027392278745
1027492282673
1027592277481
1027692278369
1027792279257
1027892283185
1027992277993
1028092278881
1028192278249
1028292277617
1028392278505
1028492282433
1028592278761
1028692278129
1028792277497
1028892278385
1028992276233
1029092280161
1029192278009
1029292278897
1029392278265
1029492282193
1029592278521
1029692277889
1029792278777
1029892278145
1029992282073
1030092278401
1030192277769
1030292278657
1030392278025
1030492283473
1030592278281
1030692277649
1030792278537
1030892277905
1030992281833
1031092278161
1031192279049
1031292278417
1031392277785
1031492283233
1031592278041
1031692278929
1031792278297
1031892279185
1031992278553
1032092277921
1032192278809
1032292278177
1032392279065
1032492284513
1032592277801
1032692278689
1032792278057
1032892278945
1032992278313
1033092279201
1033192278569
1033292277937
1033392278825
1033492282753
1033592279081
1033692278449
1033792279337
1033892278705
1033992278073
1034092278961
1034192278329
1034292279217
1034392278585
1034492282513
1034592278841
1034692278209
1034792279097
1034892278465
1034992279353
1035092278721
1035192282649
1035292278977
1035392278345
1035492283793
1035592278601
1035692279489
1035792278857
1035892278225
1035992279113
1036092278481
1036192279369
1036292278737
1036392278105
1036492283553
1036592282921
1036692279249
1036792278617
1036892279505
1036992278873
1037092278241
1037192279129
1037292278497
1037392282425
1037492283313
1037592279641
1037692279009
1037792278377
1037892279265
1037992278633
1038092279521
1038192278889
1038292278257
1038392279145
1038492283073
1038592279401
1038692278769
1038792279657
1038892279025
1038992278393
1039092283841
1039192278649
1039292279537
1039392278905
1039492284353
1039592279161
1039692278529
1039792279417
1039892278785
1039992279673
1040092283601
1040192278409
1040292279297
1040392283225
1040492285633
1040592283481
1040692279809
1040792279177
1040892278545
1040992279433
1041092278801
1041192279689
1041292279057
1041392279945
1041492283873
1041592278681
1041692279569
1041792278937
1041892279825
1041992279193
1042092278561
1042192279449
1042292278817
1042392279705
1042492283633
1042592279961
1042692279329
1042792278697
1042892279585
1042992278953
1043092281361
1043192279209
1043292280097
1043392279465
1043492283393
1043592279721
1043692279089
1043792279977
1043892279345
1043992278713
1044092279601
1044192278969
1044292279857
1044392279225
1044492284673
1044592279481
1044692278849
1044792279737
1044892279105
1044992279993
1045092280881
1045192280249
1045292279617
1045392278985
1045492284433
1045592279241
1045692280129
1045792279497
1045892278865
1045992279753
1046092279121
1046192280009
1046292279377
1046392280265
1046492284193
1046592280521
1046692279889
1046792279257
1046892280145
1046992279513
1047092280401
1047192279769
1047292279137
1047392280025
1047492283953
1047592280281
1047692279649
1047792279017
1047892279905
1047992279273
1048092280161
1048192279529
1048292280417
1048392279785
1048492283713
1048592280041
1048692279409
1048792280297
1048892279665
1048992280553
1049092279921
1049192283849
1049292284737
1049392279545
1049492284993
1049592279801
1049692279169
1049792283097
1049892279425
1049992280313
1050092279681
1050192286649
1050292279937
1050392279305
1050492284753
1050592279561
1050692285009
1050792279817
1050892280705
1050992280073
1051092280961
1051192281849
1051292279697
1051392280585
1051492284513
1051592280841
1051692280209
1051792279577
1051892280465
1051992279833
1052092280721
1052192280089
1052292279457
1052392280345
1052492284273
1052592280601
1052692279969
1052792280857
1052892280225
1052992279593
1053092280481
1053192282889
1053292280737
1053392280105
1053492284033
1053592280361
1053692279729
1053792280617
1053892279985
1053992280873
1054092280241
1054192281129
1054292280497
1054392279865
1054492285313
1054592280121
1054692281009
1054792280377
1054892279745
1054992280633
1055092280001
1055192280889
1055292280257
1055392279625
1055492285073
1055592279881
1055692282289
1055792283177
1055892281025
1055992280393
1056092279761
1056192280649
1056292280017
1056392280905
1056492284833
1056592281161
1056692280529
1056792279897
1056892280785
1056992280153
1057092281041
1057192280409
1057292279777
1057392280665
1057492284593
1057592280921
1057692280289
1057792281177
1057892280545
1057992279913
1058092280801
1058192280169
1058292282577
1058392280425
1058492285873
1058592280681
1058692280049
1058792283977
1058892280305
1058992281193
1059092280561
1059192281449
1059292280817
1059392280185
1059492287153
1059592280441
1059692281329
1059792285257
1059892284625
1059992280953
1060092280321
1060192281209
1060292280577
1060392281465
1060492285393
1060592280201
1060692285649
1060792285017
1060892281345
1060992285273
1061092280081
1061192280969
1061292284897
1061392285785
1061492285153
1061592281481
1061692282369
1061792280217
1061892284145
1061992280473
1062092281361
1062192280729
1062292287697
1062392280985
1062492284913
1062592281241
1062692280609
1062792281497
1062892280865
1062992280233
1063092281121
1063192280489
1063292281377
1063392280745
1063492286193
1063592281001
1063692280369
1063792281257
1063892280625
1063992281513
1064092280881
1064192281769
1064292281137
1064392280505
1064492285953
1064592280761
1064692281649
1064792281017
1064892280385
1064992281273
1065092280641
1065192281529
1065292280897
1065392281785
1065492285713
1065592280521
1065692281409
1065792280777
1065892281665
1065992281033
1066092281921
1066192285849
1066292280657
1066392281545
1066492285473
1066592281801
1066692281169
1066792280537
1066892281425
1066992280793
1067092281681
1067192281049
1067292281937
1067392281305
1067492285233
1067592281561
1067692280929
1067792281817
1067892281185
1067992282073
1068092281441
1068192280809
1068292281697
1068392282585
1068492286513
1068592281321
1068692282209
1068792281577
1068892280945
1068992281833
1069092281201
1069192283609
1069292281457
1069392280825
1069492286273
1069592281081
1069692283489
1069792281337
1069892282225
1069992281593
1070092280961
1070192281849
1070292281217
1070392282105
1070492286033
1070592280841
1070692281729
1070792281097
1070892281985
1070992282873
1071092282241
1071192281609
1071292284017
1071392281865
1071492285793
1071592282121
1071692281489
1071792282377
1071892286305
1071992284153
1072092282001
1072192281369
1072292282257
1072392281625
1072492285553
1072592281881
1072692281249
1072792282137
1072892281505
1072992283913
1073092281761
1073192281129
1073292282017
1073392281385
1073492288353
1073592286201
1073692282529
1073792281897
1073892281265
1073992285193
1074092281521
1074192282409
1074292281777
1074392281145
1074492286593
1074592284441
1074692282289
1074792281657
1074892282545
1074992281913
1075092281281
1075192282169
1075292281537
1075392282425
1075492286353
1075592282681
1075692282049
1075792281417
1075892282305
1075992281673
1076092285601
1076192281929
1076292281297
1076392282185
1076492286113
1076592282441
1076692281809
1076792282697
1076892282065
1076992282953
1077092282321
1077192283209
1077292282577
1077392281945
1077492288913
1077592282201
1077692281569
1077792282457
1077892281825
1077992284233
1078092282081
1078192282969
1078292282337
1078392281705
1078492287153
1078592283481
1078692284369
1078792282217
1078892281585
1078992283993
1079092286401
1079192284249
1079292282097
1079392282985
1079492288433
1079592286281
1079692282609
1079792281977
1079892282865
1079992282233
1080092283121
1080192282489
1080292281857
1080392282745
1080492288193
1080592287561
1080692282369
1080792281737
1080892282625
1080992281993
1081092284401
1081192282249
1081292283137
1081392282505
1081492286433
1081592288841
1081692282129
1081792283017
1081892282385
1081992281753
1082092287201
1082192282009
1082292282897
1082392282265
1082492287713
1082592282521
1082692281889
1082792282777
1082892282145
1082992283033
1083092282401
1083192283289
1083292282657
1083392282025
1083492288993
1083592282281
1083692283169
1083792282537
1083892281905
1083992282793
1084092282161
1084192283049
1084292282417
1084392283305
1084492287233
1084592286601
1084692287489
1084792283817
1084892283185
1084992282553
1085092283441
1085192285849
1085292282177
1085392283065
1085492288513
1085592283321
1085692282689
1085792282057
1085892282945
1085992282313
1086092283201
1086192282569
1086292283457
1086392287385
1086492286753
1086592287641
1086692282449
1086792286377
1086892282705
1086992283593
1087092282961
1087192282329
1087292287777
1087392287145
1087492288033
1087592288921
1087692288289
1087792287657
1087892287025
1087992287913
1088092287281
1088192288169
1088292287537
1088392286905
1088492289313
1088592287161
1088692288049
1088792287417
1088892288305
1088992287673
1089092288561
1089192287929
1089292287297
1089392288185
1089492287553
1089592286921
1089692289329
1089792287177
1089892289585
1089992287433
1090092288321
1090192287689
1090292287057
1090392287945
1090492287313
1090592288201
1090692287569
1090792288457
1090892287825
1090992282633
1091092283521
1091192282889
1091292283777
1091392283145
1091492287073
1091592283401
1091692284289
1091792283657
1091892283025
1091992288473
1092092283281
1092192282649
1092292283537
1092392282905
1092492288353
1092592283161
1092692285569
1092792283417
1092892282785
1092992283673
1093092283041
1093192283929
1093292283297
1093392282665
1093492288113
1093592282921
1093692283809
1093792287737
1093892284065
1093992283433
1094092282801
1094192283689
1094292286097
1094392283945
1094492287873
1094592284201
1094692285089
1094792282937
1094892283825
1094992283193
1095092284081
1095192283449
1095292282817
1095392283705
1095492287633
1095592283961
1095692283329
1095792284217
1095892283585
1095992282953
1096092283841
1096192283209
1096292284097
1096392283465
1096492288913
1096592283721
1096692283089
1096792285497
1096892283345
1096992284233
1097092283601
1097192286009
1097292283857
1097392283225
1097492288673
1097592283481
1097692285889
1097792283737
1097892283105
1097992283993
1098092283361
1098192284249
1098292283617
1098392284505
1098492288433
1098592283241
1098692284129
1098792283497
1098892284385
1098992283753
1099092283121
1099192287049
1099292284897
1099392284265
1099492288193
1099592284521
1099692283889
1099792283257
1099892284145
1099992283513
1100092284401
1100192283769
1100292284657
1100392284025
1100492287953
1100592284281
1100692283649
1100792284537
1100892283905
1100992283273
1101092284161
1101192283529
1101292284417
1101392283785
1101492289233
1101592284041
1101692283409
1101792284297
1101892283665
1101992284553
1102092283921
1102192284809
1102292284177
1102392283545
1102492288993
1102592283801
1102692284689
1102792284057
1102892284945
1102992284313
1103092283681
1103192286089
1103292283937
1103392286345
1103492288753
1103592283561
1103692285969
1103792283817
1103892289265
1103992285593
1104092284961
1104192288889
1104292288257
1104392287625
1104492288513
1104592284841
1104692284209
1104792283577
1104892290545
1104992283833
1105092284721
1105192284089
1105292284977
1105392285865
1105492288273
1105592284601
1105692283969
1105792284857
1105892293345
1105992285113
1106092284481
1106192283849
1106292284737
1106392287145
1106492289553
1106592284361
1106692283729
1106792284617
1106892285505
1106992284873
1107092284241
1107192285129
1107292284497
1107392288425
1107492289313
1107592284121
1107692285009
1107792284377
1107892285265
1107992284633
1108092284001
1108192284889
1108292284257
1108392285145
1108492289073
1108592283881
1108692286289
1108792284137
1108892289585
1108992287433
1109092285281
1109192287689
1109292284017
1109392284905
1109492288833
1109592285161
1109692286049
1109792285417
1109892290865
1109992288713
1110092285041
1110192284409
1110292285297
1110392284665
1110492288593
1110592284921
1110692284289
1110792285177
1110892284545
1110992289993
1111092284801
1111192284169
1111292285057
1111392282905
1111492289873
1111592289241
1111692285569
1111792284937
1111892284305
1111992289753
1112092284561
1112192285449
1112292284817
1112392284185
1112492289633
1112592287481
1112692285329
1112792284697
1112892285585
1112992284953
1113092284321
1113192285209
1113292284577
1113392285465
1113492290913
1113592285721
1113692285089
1113792284457
1113892285345
1113992284713
1114092285601
1114192284969
1114292284337
1114392285225
1114492290673
1114592285481
1114692286369
1114792285737
1114892285105
1114992290553
1115092285361
1115192284729
1115292285617
1115392284985
1115492290433
1115592285241
1115692284609
1115792285497
1115892284865
1115992285753
1116092285121
1116192284489
1116292285377
1116392284745
1116492290193
1116592285001
1116692285889
1116792285257
1116892284625
1116992285513
1117092284881
1117192285769
1117292285137
1117392286025
1117492289953
1117592284761
1117692285649
1117792289577
1117892290465
1117992288313
1118092286161
1118192285529
1118292284897
1118392285785
1118492289713
1118592290601
1118692289969
1118792284777
1118892285665
1118992289593
1119092285921
1119192286809
1119292286177
1119392285545
1119492289473
1119592285801
1119692285169
1119792286057
1119892285425
1119992289353
1120092285681
1120192289609
1120292290497
1120392289865
1120492290753
1120592290121
1120692291009
1120792290377
1120892289745
1120992290633
1121092290001
1121192287849
1121292287217
1121392285065
1121492290513
1121592289881
1121692286209
1121792285577
1121892284945
1121992285833
1122092285201
1122192286089
1122292285457
1122392286345
1122492290273
1122592288121
1122692285969
1122792285337
1122892286225
1122992290153
1123092291041
1123192285849
1123292285217
1123392286105
1123492290033
1123592286361
1123692285729
1123792285097
1123892285985
1123992286873
1124092290801
1124192287129
1124292286497
1124392285865
1124492289793
1124592289161
1124692285489
1124792286377
1124892285745
1124992289673
1125092286001
1125192285369
1125292286257
1125392285625
1125492291073
1125592285881
1125692285249
1125792286137
1125892285505
1125992286393
1126092287281
1126192286649
1126292286017
1126392285385
1126492290833
1126592287161
1126692286529
1126792285897
1126892286785
1126992286153
1127092290081
1127192286409
1127292285777
1127392286665
1127492290593
1127592288441
1127692286289
1127792285657
1127892286545
1127992285913
1128092292881
1128192286169
1128292285537
1128392286425
1128492290353
1128592286681
1128692289089
1128792286937
1128892286305
1128992285673
1129092286561
1129192287449
1129292286817
1129392286185
1129492290113
1129592286441
1129692285809
1129792286697
1129892286065
1129992286953
1130092289361
1130192285689
1130292286577
1130392285945
1130492291393
1130592287721
1130692287089
1130792286457
1130892284305
1130992286713
1131092290641
1131192286969
1131292286337
1131392285705
1131492291153
1131592287481
1131692286849
1131792286217
1131892287105
1131992286473
1132092291921
1132192288249
1132292286097
1132392286985
1132492290913
1132592288761
1132692291169
1132792285977
1132892286865
1132992286233
1133092288641
1133192291049
1133292290417
1133392286745
1133492290673
1133592287001
1133692287889
1133792287257
1133892286625
1133992285993
1134092292961
1134192290809
1134292287137
1134392286505
1134492291953
1134592286761
1134692287649
1134792287017
1134892286385
1134992287273
1135092286641
1135192290569
1135292286897
1135392286265
1135492291713
1135592286521
1135692288929
1135792286777
1135892286145
1135992287033
1136092286401
1136192291849
1136292286657
1136392287545
1136492291473
1136592286281
1136692290209
1136792286537
1136892287425
1136992286793
1137092286161
1137192287049
1137292286417
1137392287305
1137492291233
1137592290601
1137692286929
1137792286297
1137892287185
1137992286553
1138092287441
1138192286809
1138292287697
1138392291625
1138492289473
1138592287321
1138692286689
1138792287577
1138892286945
1138992286313
1139092290241
1139192292649
1139292288977
1139392288345
1139492292273
1139592287081
1139692287969
1139792287337
1139892286705
1139992287593
1140092286961
1140192293929
1140292287217
1140392286585
1140492293553
1140592286841
1140692292289
1140792287097
1140892286465
1140992287353
1141092286721
1141192295209
1141292291537
1141392287865
1141492291793
1141592286601
1141692287489
1141792288377
1141892287745
1141992287113
1142092288001
1142192287369
1142292291297
1142392287625
1142492291553
1142592289401
1142692287249
1142792289657
1142892287505
1142992286873
1143092287761
1143192287129
1143292288017
1143392287385
1143492291313
1143592292201
1143692287009
1143792287897
1143892287265
1143992288153
1144092287521
1144192288409
1144292287777
1144392287145
1144492292593
1144592287401
1144692289809
1144792287657
1144892287025
1144992287913
1145092287281
1145192288169
1145292292097
1145392288425
1145492292353
1145592287161
1145692288049
1145792291977
1145892289825
1145992287673
1146092287041
1146192287929
1146292287297
1146392288185
1146492292113
1146592286921
1146692289329
1146792287177
1146892288065
1146992287433
1147092288321
1147192287689
1147292287057
1147392287945
1147492291873
1147592292761
1147692287569
1147792288457
1147892287825
1147992287193
1148092288081
1148192287449
1148292292897
1148392292265
1148492291633
1148592287961
1148692290369
1148792292777
1148892292145
1148992288473
1149092287841
1149192287209
1149292291137
1149392287465
1149492292913
1149592287721
1149692288609
1149792287977
1149892287345
1149992288233
1150092287601
1150192288489
1150292287857
1150392287225
1150492292673
1150592287481
1150692288369
1150792287737
1150892288625
1150992287993
1151092287361
1151192288249
1151292295217
1151392293065
1151492292433
1151592288761
1151692288129
1151792287497
1151892291425
1151992287753
1152092288641
1152192288009
1152292288897
1152392288265
1152492292193
1152592293081
1152692292449
1152792288777
1152892288145
1152992287513
1153092288401
1153192287769
1153292288657
1153392288025
1153492293473
1153592288281
1153692287649
1153792288537
1153892292465
1153992288793
1154092288161
1154192287529
1154292288417
1154392287785
1154492294753
1154592288041
1154692290449
1154792288297
1154892287665
1154992288553
1155092287921
1155192288809
1155292288177
1155392289065
1155492292993
1155592287801
1155692288689
1155792288057
1155892288945
1155992288313
1156092287681
1156192288569
1156292287937
1156392288825
1156492294273
1156592289081
1156692293009
1156792287817
1156892288705
1156992288073
1157092288961
1157192288329
1157292289217
1157392290105
1157492292513
1157592290361
1157692289729
1157792289097
1157892291505
1157992287833
1158092288721
1158192288089
1158292288977
1158392288345
1158492293793
1158592288601
1158692289489
1158792288857
1158892288225
1158992289113
1159092293041
1159192289369
1159292290257
1159392288105
1159492293553
1159592288361
1159692289249
1159792288617
1159892287985
1159992288873
1160092288241
1160192289129
1160292288497
1160392295465
1160492293313
1160592288121
1160692293569
1160792288377
1160892289265
1160992293193
1161092289521
1161192288889
1161292288257
1161392289145
1161492293073
1161592289401
1161692288769
1161792288137
1161892289025
1161992288393
1162092289281
1162192288649
1162292289537
1162392288905
1162492292833
1162592290681
1162692288529
1162792289417
1162892288785
1162992289673
1163092289041
1163192288409
1163292289297
1163392288665
1163492294113
1163592288921
1163692288289
1163792289177
1163892288545
1163992290953
1164092288801
1164192294249
1164292289057
1164392288425
1164492293873
1164592288681
1164692292609
1164792288937
1164892289825
1164992290713
1165092288561
1165192289449
1165292288817
1165392289705
1165492293633
1165592288441
1165692289329
1165792288697
1165892289585
1165992290473
1166092289841
1166192289209
1166292288577
1166392289465
1166492293393
1166592289721
1166692289089
1166792289977
1166892289345
1166992290233
1167092289601
1167192288969
1167292289857
1167392289225
1167492294673
1167592294041
1167692288849
1167792289737
1167892289105
1167992291513
1168092289361
1168192288729
1168292289617
1168392288985
1168492294433
1168592293801
1168692293169
1168792289497
1168892288865
1168992289753
1169092293681
1169192290009
1169292292417
1169392293305
1169492294193
1169592289001
1169692289889
1169792289257
1169892290145
1169992289513
1170092288881
1170192289769
1170292289137
1170392290025
1170492292433
1170592288761
1170692294209
1170792293577
1170892294465
1170992293833
1171092294721
1171192294089
1171292293457
1171392294345
1171492293713
1171592294601
1171692295489
1171792294857
1171892294225
1171992293593
1172092294481
1172192293849
1172292294737
1172392294105
1172492294993
1172592294361
1172692293729
1172792294617
1172892293985
1172992294873
1173092294241
1173192293609
1173292294497
1173392293865
1173492294753
1173592292601
1173692295009
1173792294377
1173892293745
1173992294633
1174092294001
1174192294889
1174292294257
1174392295145
1174492294513
1174592299961
1174692294769
1174792294137
1174892295025
1174992294393
1175092293761
1175192294649
1175292294017
1175392294905
1175492295793
1175592298201
1175692294529
1175792293897
1175892294785
1175992294153
1176092295041
1176192294409
1176292295297
1176392294665
1176492295553
1176592294921
1176692295809
1176792296697
1176892294545
1176992293913
1177092293281
1177192294169
1177292295057
1177392294425
1177492296833
1177592294681
1177692294049
1177792294937
1177892294305
1177992295193
1178092294561
1178192295449
1178292294817
1178392294185
1178492295073
1178592294441
1178692295329
1178792294697
1178892294065
1178992294953
1179092294321
1179192295209
1179292294577
1179392295465
1179492294833
1179592294201
1179692296609
1179792294457
1179892296865
1179992294713
1180092295601
1180192294969
1180292294337
1180392295225
1180492294593
1180592295481
1180692296369
1180792294217
1180892295105
1180992294473
1181092295361
1181192294729
1181292295617
1181392294985
1181492294353
1181592295241
1181692294609
1181792295497
1181892294865
1181992295753
1182092295121
1182192294489
1182292295377
1182392294745
1182492295633
1182592295001
1182692294369
1182792295257
1182892296145
1182992295513
1183092294881
1183192295769
1183292295137
1183392294505
1183492295393
1183592294761
1183692295649
1183792295017
1183892295905
1183992295273
1184092294641
1184192295529
1184292294897
1184392295785
1184492295153
1184592294521
1184692295409
1184792294777
1184892295665
1184992295033
1185092295921
1185192295289
1185292294657
1185392295545
1185492296433
1185592295801
1185692296689
1185792297577
1185892295425
1185992294793
1186092294161
1186192295049
1186292295937
1186392295305
1186492294673
1186592295561
1186692294929
1186792295817
1186892295185
1186992296073
1187092295441
1187192293289
1187292295697
1187392295065
1187492295953
1187592295321
1187692297729
1187792295577
1187892294945
1187992295833
1188092295201
1188192296089
1188292295457
1188392296345
1188492295713
1188592295081
1188692295969
1188792295337
1188892296225
1188992295593
1189092294961
1189192297369
1189292295217
1189392296105
1189492296993
1189592297881
1189692295729
1189792296617
1189892297505
1189992295353
1190092296241
1190192295609
1190292294977
1190392295865
1190492295233
1190592296121
1190692297009
1190792296377
1190892297265
1190992296633
1191092296001
1191192296889
1191292296257
1191392295625
1191492298033
1191592295881
1191692295249
1191792296137
1191892295505
1191992296393
1192092295761
1192192295129
1192292296017
1192392295385
1192492296273
1192592297161
1192692296529
1192792298937
1192892295265
1192992296153
1193092294001
1193192296409
1193292295777
1193392298185
1193492296033
1193592295401
1193692296289
1193792295657
1193892296545
1193992295913
1194092295281
1194192297689
1194292295537
1194392296425
1194492297313
1194592298201
1194692296049
1194792295417
1194892296305
1194992295673
1195092295041
1195192297449
1195292296817
1195392296185
1195492295553
1195592296441
1195692295809
1195792296697
1195892296065
1195992295433
1196092296321
1196192297209
1196292296577
1196392295945
1196492296833
1196592296201
1196692295569
1196792296457
1196892297345
1196992296713
1197092296081
1197192296969
1197292296337
1197392294185
1197492296593
1197592295961
1197692296849
1197792296217
1197892297105
1197992296473
1198092297361
1198192298249
1198292296097
1198392296985
1198492296353
1198592295721
1198692298129
1198792297497
1198892298385
1198992296233
1199092297121
1199192296489
1199292295857
1199392296745
1199492296113
1199592297001
1199692297889
1199792294217
1199892298145
1199992297513
1200092295361
1200192296249
1200292297137
1200392296505
1200492295873
1200592298281
1200692296129
1200792297017
1200892296385
1200992298793
1201092296641
1201192296009
1201292298417
1201392297785
1201492295633
1201592296521
1201692295889
1201792295257
1201892296145
1201992297033
1202092296401
1202192297289
1202292296657
1202392296025
1202492296913
1202592296281
1202692297169
1202792296537
1202892297425
1202992296793
1203092296161
1203192297049
1203292296417
1203392297305
1203492296673
1203592294521
1203692296929
1203792296297
1203892297185
1203992296553
1204092298961
1204192296809
1204292296177
1204392295545
1204492297953
1204592295801
1204692296689
1204792297577
1204892296945
1204992297833
1205092297201
1205192296569
1205292297457
1205392295305
1205492297713
1205592295561
1205692296449
1205792298857
1205892298225
1205992297593
1206092295441
1206192296329
1206292297217
1206392296585
1206492297473
1206592296841
1206692297729
1206792297097
1206892296465
1206992297353
1207092295201
1207192297609
1207292296977
1207392296345
1207492297233
1207592296601
1207692297489
1207792295337
1207892297745
1207992297113
1208092294961
1208192297369
1208292298257
1208392297625
1208492296993
1208592297881
1208692298769
1208792296617
1208892299025
1208992298393
1209092297761
1209192295609
1209292298017
1209392297385
1209492296753
1209592297641
1209692295489
1209792296377
1209892297265
1209992296633
1210092297521
1210192296889
1210292297777
1210392297145
1210492298033
1210592297401
1210692296769
1210792297657
1210892297025
1210992297913
1211092297281
1211192296649
1211292296017
1211392296905
1211492297793
1211592297161
1211692298049
1211792297417
1211892296785
1211992297673
1212092297041
1212192297929
1212292297297
1212392298185
1212492297553
1212592296921
1212692297809
1212792297177
1212892298065
1212992297433
1213092296801
1213192297689
1213292297057
1213392297945
1213492297313
1213592298201
1213692297569
1213792296937
1213892297825
1213992298713
1214092298081
1214192297449
1214292298337
1214392299225
1214492297073
1214592297961
1214692297329
1214792296697
1214892297585
1214992296953
1215092297841
1215192297209
1215292298097
1215392297465
1215492298353
1215592297721
1215692297089
1215792297977
1215892297345
1215992298233
1216092297601
1216192298489
1216292297857
1216392297225
1216492298113
1216592297481
1216692298369
1216792297737
1216892297105
1216992297993
1217092297361
1217192298249
1217292299137
1217392298505
1217492297873
1217592298761
1217692298129
1217792297497
1217892299905
1217992297753
1218092298641
1218192298009
1218292297377
1218392298265
1218492297633
1218592298521
1218692299409
1218792297257
1218892298145
1218992297513
1219092298401
1219192297769
1219292298657
1219392298025
1219492297393
1219592298281
1219692297649
1219792298537
1219892297905
1219992298793
1220092299681
1220192297529
1220292298417
1220392297785
1220492298673
1220592298041
1220692297409
1220792298297
1220892297665
1220992298553
1221092297921
1221192298809
1221292298177
1221392297545
1221492298433
1221592297801
1221692298689
1221792298057
1221892298945
1221992296793
1222092297681
1222192298569
1222292296417
1222392298825
1222492298193
1222592297561
1222692298449
1222792297817
1222892298705
1222992298073
1223092298961
1223192299849
1223292297697
1223392298585
1223492297953
1223592298841
1223692298209
1223792299097
1223892298465
1223992297833
1224092298721
1224192299609
1224292298977
1224392298345
1224492297713
1224592298601
1224692297969
1224792297337
1224892296705
1224992299113
1225092300001
1225192297849
1225292298737
1225392298105
1225492298993
1225592299881
1225692297729
1225792298617
1225892299505
1225992298873
1226092298241
1226192300649
1226292298497
1226392297865
1226492298753
1226592299641
1226692299009
1226792298377
1226892299265
1226992298633
1227092298001
1227192298889
1227292298257
1227392299145
1227492298513
1227592300921
1227692298769
1227792298137
1227892299025
1227992298393
1228092299281
1228192298649
1228292299537
1228392298905
1228492298273
1228592299161
1228692298529
1228792299417
1228892298785
1228992296633
1229092299041
1229192298409
1229292300817
1229392300185
1229492299553
1229592298921
1229692298289
1229792299177
1229892298545
1229992299433
1230092298801
1230192298169
1230292299057
1230392298425
1230492299313
1230592298681
1230692299569
1230792298937
1230892298305
1230992299193
1231092298561
1231192299449
1231292298817
1231392301225
1231492299073
1231592298441
1231692299329
1231792298697
1231892299585
1231992298953
1232092298321
1232192299209
1232292298577
1232392299465
1232492298833
1232592299721
1232692299089
1232792298457
1232892299345
1232992298713
1233092299601
1233192298969
1233292299857
1233392299225
1233492298593
1233592299481
1233692300369
1233792299737
1233892299105
1233992298473
1234092299361
1234192298729
1234292299617
1234392298985
1234492299873
1234592299241
1234692298609
1234792299497
1234892298865
1234992299753
1235092299121
1235192300009
1235292299377
1235392298745
1235492299633
1235592299001
1235692299889
1235792299257
1235892298625
1235992299513
1236092298881
1236192299769
1236292299137
1236392300025
1236492300913
1236592298761
1236692299649
1236792299017
1236892299905
1236992299273
1237092300161
1237192299529
1237292298897
1237392299785
1237492300673
1237592300041
1237692299409
1237792298777
1237892299665
1237992299033
1238092301441
1238192299289
1238292301697
1238392299545
1238492298913
1238592299801
1238692299169
1238792300057
1238892299425
1238992298793
1239092299681
1239192299049
1239292299937
1239392299305
1239492298673
1239592299561
1239692300449
1239792299817
1239892299185
1239992300073
1240092299441
1240192300329
1240292299697
1240392299065
1240492301473
1240592299321
1240692300209
1240792299577
1240892300465
1240992299833
1241092299201
1241192300089
1241292299457
1241392300345
1241492301233
1241592299081
1241692299969
1241792300857
1241892300225
1241992299593
1242092300481
1242192299849
1242292299217
1242392300105
1242492299473
1242592300361
1242692295169
1242792296057
1242892295425
1242992294793
1243092297201
1243192295049
1243292295937
1243392295305
1243492299233
1243592300121
1243692294929
1243792294297
1243892295185
1243992296073
1244092300001
1244192294809
1244292295697
1244392295065
1244492300513
1244592301401
1244692299249
1244792295577
1244892294945
1244992300393
1245092296721
1245192296089
1245292295457
1245392296345
1245492300273
1245592299641
1245692295969
1245792299897
1245892296225
1245992295593
1246092296481
1246192295849
1246292295217
1246392296105
1246492300033
1246592300921
1246692295729
1246792299657
1246892295985
1246992298393
1247092297761
1247192298649
1247292294977
1247392300425
1247492299793
1247592300681
1247692297009
1247792296377
1247892295745
1247992295113
1248092297521
1248192299929
1248292300817
1248392297145
1248492301073
1248592300441
1248692298289
1248792299177
1248892300065
1248992300953
1249092300321
1249192299689
1249292300577
1249392299945
1249492300833
1249592301721
1249692301089
1249792298937
1249892299825
1249992300713
1250092300081
1250192300969
1250292300337
1250392301225
1250492300593
1250592299961
1250692300849
1250792300217
1250892301105
1250992300473
1251092299841
1251192300729
1251292300097
1251392300985
1251492300353
1251592302761
1251692300609
1251792299977
1251892300865
1251992300233
1252092301121
1252192300489
1252292301377
1252392300745
1252492300113
1252592302521
1252692300369
1252792301257
1252892300625
1252992299993
1253092300881
1253192300249
1253292301137
1253392300505
1253492301393
1253592300761
1253692300129
1253792301017
1253892300385
1253992301273
1254092300641
1254192301529
1254292300897
1254392300265
1254492301153
1254592300521
1254692301409
1254792300777
1254892300145
1254992301033
1255092300401
1255192301289
1255292300657
1255392301545
1255492300913
1255592300281
1255692301169
1255792300537
1255892301425
1255992300793
1256092301681
1256192301049
1256292300417
1256392301305
1256492300673
1256592301561
1256692300929
1256792300297
1256892301185
1256992299033
1257092302961
1257192300809
1257292301697
1257392301065
1257492300433
1257592301321
1257692299169
1257792301577
1257892302465
1257992303353
1258092301201
1258192300569
1258292301457
1258392300825
1258492301713
1258592302601
1258692298929
1258792301337
1258892300705
1258992301593
1259092300961
1259192301849
1259292301217
1259392300585
1259492301473
1259592302361
1259692301729
1259792301097
1259892300465
1259992302873
1260092300721
1260192301609
1260292300977
1260392301865
1260492301233
1260592300601
1260692301489
1260792300857
1260892301745
1260992302633
1261092302001
1261192301369
1261292300737
1261392301625
1261492300993
1261592303401
1261692301249
1261792302137
1261892301505
1261992300873
1262092300241
1262192299609
1262292302017
1262392299865
1262492300753
1262592301641
1262692299489
1262792303417
1262892301265
1262992300633
1263092300001
1263192300889
1263292301777
1263392301145
1263492302033
1263592301401
1263692302289
1263792303177
1263892299505
1263992300393
1264092301281
1264192302169
1264292301537
1264392300905
1264492303313
1264592302681
1264692302049
1264792301417
1264892302305
1264992301673
1265092301041
1265192301929
1265292301297
1265392302185
1265492301553
1265592302441
1265692303329
1265792301177
1265892300545
1265992301433
1266092302321
1266192301689
1266292301057
1266392301945
1266492301313
1266592300681
1266692301569
1266792302457
1266892303345
1266992301193
1267092302081
1267192301449
1267292302337
1267392301705
1267492302593
1267592300441
1267692301329
1267792302217
1267892301585
1267992302473
1268092303361
1268192301209
1268292302097
1268392301465
1268492302353
1268592301721
1268692302609
1268792301977
1268892301345
1268992303753
1269092301601
1269192302489
1269292301857
1269392302745
1269492302113
1269592299961
1269692300849
1269792301737
1269892304145
1269992301993
1270092302881
1270192302249
1270292301617
